% number of repeats:% 3
% enter first, last, inc:% 48 480 48 
data = [
%  n          reference      |         current implementation 
%        time       GFLOPS   |    time       GFLOPS     diff 
   480 3.9445e-03 5.6074e+01    4.0124e-02 5.5125e+00 3.5527e-13
   432 2.7980e-03 5.7629e+01    2.5278e-02 6.3788e+00 3.1264e-13
   384 2.0062e-03 5.6448e+01    1.6199e-02 6.9910e+00 1.9895e-13
   336 1.3799e-03 5.4979e+01    8.9889e-03 8.4400e+00 1.7053e-13
   288 8.3271e-04 5.7374e+01    5.6873e-03 8.4005e+00 5.6843e-14
   240 5.0588e-04 5.4654e+01    3.3597e-03 8.2294e+00 4.2633e-14
   192 2.6450e-04 5.3520e+01    1.5366e-03 9.2123e+00 2.8422e-14
   144 1.1960e-04 4.9935e+01    8.2190e-04 7.2661e+00 2.8422e-14
    96 6.8463e-05 2.5846e+01    2.7132e-04 6.5216e+00 1.4211e-14
    48 1.4106e-05 1.5680e+01    2.9774e-05 7.4288e+00 7.1054e-15
];

% Maximum difference between reference and your implementation: 3.552714e-13.
