% number of repeats:% 3
% enter first, last, inc:% 48 480 48 
data = [
%  n          reference      |         current implementation 
%        time       GFLOPS   |    time       GFLOPS     diff 
   480 3.8487e-03 5.7470e+01    1.6732e-01 1.3219e+00 3.5527e-13
   432 2.8389e-03 5.6797e+01    1.1914e-01 1.3534e+00 3.1264e-13
   384 2.0208e-03 5.6039e+01    7.6909e-02 1.4725e+00 1.9895e-13
   336 1.3195e-03 5.7494e+01    4.9516e-02 1.5321e+00 1.7053e-13
   288 8.5211e-04 5.6068e+01    3.0939e-02 1.5442e+00 5.6843e-14
   240 5.0889e-04 5.4330e+01    1.7505e-02 1.5794e+00 4.2633e-14
   192 2.7403e-04 5.1657e+01    9.0330e-03 1.5671e+00 2.8422e-14
   144 1.1997e-04 4.9778e+01    3.4998e-03 1.7064e+00 2.8422e-14
    96 4.2439e-05 4.1694e+01    1.0125e-03 1.7476e+00 1.4211e-14
    48 1.4381e-05 1.5380e+01    1.2405e-04 1.7831e+00 7.1054e-15
];

% Maximum difference between reference and your implementation: 3.552714e-13.
