% number of repeats:% 3
% enter first, last, inc:% 48 480 48 
data = [
%  n          reference      |         current implementation 
%        time       GFLOPS   |    time       GFLOPS     diff 
   480 3.9973e-03 5.5334e+01    4.5781e-02 4.8313e+00 3.5527e-13
   432 2.8757e-03 5.6072e+01    2.9192e-02 5.5236e+00 3.1264e-13
   384 2.0011e-03 5.6591e+01    1.8576e-02 6.0965e+00 1.9895e-13
   336 1.3214e-03 5.7412e+01    1.1629e-02 6.5238e+00 1.7053e-13
   288 8.2137e-04 5.8166e+01    5.6136e-03 8.5108e+00 5.6843e-14
   240 5.1059e-04 5.4149e+01    2.8966e-03 9.5448e+00 4.2633e-14
   192 2.6882e-04 5.2658e+01    1.4880e-03 9.5131e+00 2.8422e-14
   144 1.1880e-04 5.0268e+01    6.3820e-04 9.3576e+00 2.8422e-14
    96 4.1953e-05 4.2177e+01    2.2598e-04 7.8302e+00 1.4211e-14
    48 1.4098e-05 1.5689e+01    3.3782e-05 6.5474e+00 7.1054e-15
];

% Maximum difference between reference and your implementation: 3.552714e-13.
