% number of repeats:% 3
% enter first, last, inc:% 48 480 48 
data = [
%  n          reference      |         current implementation 
%        time       GFLOPS   |    time       GFLOPS     diff 
   480 3.9156e-03 5.6488e+01    3.1581e-02 7.0038e+00 3.4106e-13
   432 2.8631e-03 5.6317e+01    2.2759e-02 7.0849e+00 2.9843e-13
   384 2.0133e-03 5.6249e+01    1.1007e-02 1.0289e+01 2.1316e-13
   336 1.2844e-03 5.9065e+01    5.3131e-03 1.4279e+01 1.7053e-13
   288 8.3326e-04 5.7336e+01    2.6405e-03 1.8093e+01 5.6843e-14
   240 5.1564e-04 5.3619e+01    1.5780e-03 1.7521e+01 4.2633e-14
   192 2.6937e-04 5.2551e+01    8.3156e-04 1.7023e+01 2.8422e-14
   144 1.1897e-04 5.0196e+01    3.7462e-04 1.5941e+01 2.8422e-14
    96 4.2038e-05 4.2092e+01    1.4376e-04 1.2308e+01 1.4211e-14
    48 1.2070e-05 1.8325e+01    2.4323e-05 9.0936e+00 5.3291e-15
];

% Maximum difference between reference and your implementation: 3.410605e-13.
