% number of repeats:% 3
% enter first, last, inc:% 48 480 48 
data = [
%  n          reference      |         current implementation 
%        time       GFLOPS   |    time       GFLOPS     diff 
   480 4.0598e-03 5.4482e+01    4.8973e-02 4.5164e+00 3.5527e-13
   432 2.8563e-03 5.6452e+01    2.9226e-02 5.5171e+00 3.1264e-13
   384 2.1453e-03 5.2789e+01    2.0248e-02 5.5929e+00 1.9895e-13
   336 1.5148e-03 5.0085e+01    1.1508e-02 6.5926e+00 1.7053e-13
   288 8.6329e-04 5.5342e+01    6.3236e-03 7.5552e+00 5.6843e-14
   240 5.0696e-04 5.4537e+01    3.0093e-03 9.1876e+00 4.2633e-14
   192 2.6659e-04 5.3100e+01    1.5212e-03 9.3057e+00 2.8422e-14
   144 1.2047e-04 4.9572e+01    6.3653e-04 9.3821e+00 2.8422e-14
    96 4.1821e-05 4.2311e+01    2.2285e-04 7.9403e+00 1.4211e-14
    48 1.4204e-05 1.5572e+01    3.0940e-05 7.1488e+00 7.1054e-15
];

% Maximum difference between reference and your implementation: 3.552714e-13.
