% number of repeats:% 3
% enter first, last, inc:% 48 480 48 
data = [
%  n          reference      |         current implementation 
%        time       GFLOPS   |    time       GFLOPS     diff 
   480 4.0411e-03 5.4734e+01    4.0220e-02 5.4993e+00 3.4106e-13
   432 2.9126e-03 5.5360e+01    2.6893e-02 5.9958e+00 2.9843e-13
   384 2.0445e-03 5.5390e+01    1.6271e-02 6.9599e+00 2.1316e-13
   336 1.2840e-03 5.9084e+01    1.0064e-02 7.5387e+00 1.7053e-13
   288 8.1896e-04 5.8337e+01    5.0574e-03 9.4466e+00 5.6843e-14
   240 4.9388e-04 5.5981e+01    2.7715e-03 9.9759e+00 4.2633e-14
   192 2.6830e-04 5.2762e+01    1.4178e-03 9.9841e+00 2.8422e-14
   144 1.1851e-04 5.0392e+01    6.2218e-04 9.5985e+00 2.8422e-14
    96 4.1871e-05 4.2260e+01    2.1301e-04 8.3070e+00 1.4211e-14
    48 1.4949e-05 1.4796e+01    3.2300e-05 6.8478e+00 5.3291e-15
];

% Maximum difference between reference and your implementation: 3.410605e-13.
