% number of repeats:% 3
% enter first, last, inc:% 48 480 48 
data = [
%  n          reference      |         current implementation 
%        time       GFLOPS   |    time       GFLOPS     diff 
   480 3.8874e-03 5.6897e+01    4.8648e-02 4.5466e+00 3.5527e-13
   432 2.9275e-03 5.5079e+01    3.7381e-02 4.3136e+00 3.1264e-13
   384 1.9940e-03 5.6794e+01    2.5144e-02 4.5039e+00 2.2737e-13
   336 1.3397e-03 5.6631e+01    1.5684e-02 4.8370e+00 1.5632e-13
   288 8.1825e-04 5.8388e+01    9.7646e-03 4.8927e+00 4.2633e-14
   240 5.0965e-04 5.4249e+01    5.2843e-03 5.2321e+00 3.5527e-14
   192 2.7127e-04 5.2183e+01    2.6728e-03 5.2963e+00 2.8422e-14
   144 1.1926e-04 5.0076e+01    8.6615e-04 6.8949e+00 2.8422e-14
    96 4.1788e-05 4.2344e+01    2.7901e-04 6.3420e+00 1.0658e-14
    48 1.4298e-05 1.5470e+01    4.8546e-05 4.5562e+00 5.3291e-15
];

% Maximum difference between reference and your implementation: 3.552714e-13.
