% number of repeats:% 3
% enter first, last, inc:% 48 480 48 
data = [
%  n          reference      |         current implementation 
%        time       GFLOPS   |    time       GFLOPS     diff 
   480 3.9083e-03 5.6594e+01    3.4674e-02 6.3790e+00 3.4106e-13
   432 2.8565e-03 5.6448e+01    2.2590e-02 7.1377e+00 2.9843e-13
   384 2.1290e-03 5.3193e+01    1.1288e-02 1.0032e+01 2.1316e-13
   336 1.3100e-03 5.7912e+01    4.5655e-03 1.6617e+01 1.7053e-13
   288 8.2006e-04 5.8259e+01    2.8780e-03 1.6600e+01 5.6843e-14
   240 5.2836e-04 5.2328e+01    1.5675e-03 1.7638e+01 4.2633e-14
   192 2.6758e-04 5.2902e+01    8.4142e-04 1.6824e+01 2.8422e-14
   144 1.1903e-04 5.0172e+01    3.7079e-04 1.6106e+01 2.8422e-14
    96 4.1844e-05 4.2287e+01    1.3994e-04 1.2645e+01 1.4211e-14
    48 1.2089e-05 1.8296e+01    2.2009e-05 1.0050e+01 5.3291e-15
];

% Maximum difference between reference and your implementation: 3.410605e-13.
