% number of repeats:% 3
% enter first, last, inc:% 48 480 48 
data = [
%  n          reference      |         current implementation 
%        time       GFLOPS   |    time       GFLOPS     diff 
   480 3.8837e-03 5.6952e+01    4.9367e-02 4.4804e+00 3.5527e-13
   432 2.8780e-03 5.6025e+01    3.5237e-02 4.5760e+00 3.1264e-13
   384 2.0456e-03 5.5361e+01    2.5385e-02 4.4611e+00 2.2737e-13
   336 1.2990e-03 5.8404e+01    1.5680e-02 4.8385e+00 1.5632e-13
   288 8.1900e-04 5.8334e+01    9.4227e-03 5.0703e+00 4.2633e-14
   240 5.1215e-04 5.3985e+01    5.2313e-03 5.2851e+00 3.5527e-14
   192 2.6465e-04 5.3489e+01    2.7018e-03 5.2393e+00 2.8422e-14
   144 1.1904e-04 5.0169e+01    8.6296e-04 6.9203e+00 2.8422e-14
    96 4.1875e-05 4.2256e+01    2.7750e-04 6.3764e+00 1.0658e-14
    48 1.7524e-05 1.2622e+01    4.7338e-05 4.6724e+00 5.3291e-15
];

% Maximum difference between reference and your implementation: 3.552714e-13.
