% number of repeats:% 3
% enter first, last, inc:% 48 480 48 
data = [
%  n          reference      |         current implementation 
%        time       GFLOPS   |    time       GFLOPS     diff 
   480 3.8801e-03 5.7004e+01    1.5836e-01 1.3967e+00 3.5527e-13
   432 2.8287e-03 5.7002e+01    1.1458e-01 1.4073e+00 3.1264e-13
   384 3.8099e-03 2.9725e+01    9.2929e-02 1.2186e+00 1.9895e-13
   336 2.3333e-03 3.2514e+01    5.2222e-02 1.4528e+00 1.7053e-13
   288 8.5279e-04 5.6023e+01    3.1102e-02 1.5361e+00 5.6843e-14
   240 5.0775e-04 5.4452e+01    1.8026e-02 1.5338e+00 4.2633e-14
   192 2.6622e-04 5.3174e+01    9.0668e-03 1.5613e+00 2.8422e-14
   144 1.2185e-04 4.9012e+01    3.5667e-03 1.6744e+00 2.8422e-14
    96 4.2079e-05 4.2051e+01    1.0119e-03 1.7487e+00 1.4211e-14
    48 1.4362e-05 1.5401e+01    1.2417e-04 1.7813e+00 7.1054e-15
];

% Maximum difference between reference and your implementation: 3.552714e-13.
