% number of repeats:% 3
% enter first, last, inc:% 48 480 48 
data = [
%  n          reference      |         current implementation 
%        time       GFLOPS   |    time       GFLOPS     diff 
   480 4.0591e-03 5.4491e+01    1.7171e-01 1.2881e+00 3.5527e-13
   432 2.9532e-03 5.4599e+01    1.2080e-01 1.3348e+00 3.1264e-13
   384 1.9892e-03 5.6931e+01    7.8577e-02 1.4412e+00 1.9895e-13
   336 1.2688e-03 5.9792e+01    4.9726e-02 1.5257e+00 1.7053e-13
   288 8.1848e-04 5.8371e+01    3.0653e-02 1.5586e+00 5.6843e-14
   240 5.3132e-04 5.2036e+01    1.7409e-02 1.5882e+00 4.2633e-14
   192 2.6838e-04 5.2745e+01    9.0070e-03 1.5716e+00 2.8422e-14
   144 1.1925e-04 5.0079e+01    3.5420e-03 1.6861e+00 2.8422e-14
    96 4.2123e-05 4.2007e+01    1.0286e-03 1.7203e+00 1.4211e-14
    48 2.1936e-05 1.0083e+01    1.3212e-04 1.6741e+00 7.1054e-15
];

% Maximum difference between reference and your implementation: 3.552714e-13.
