% number of repeats:% 3
% enter first, last, inc:% 48 480 48 
data = [
%  n          reference      |         current implementation 
%        time       GFLOPS   |    time       GFLOPS     diff 
   480 4.0083e-03 5.5182e+01    4.3255e-02 5.1135e+00 3.5527e-13
   432 2.8972e-03 5.5654e+01    2.6060e-02 6.1874e+00 3.1264e-13
   384 1.9945e-03 5.6778e+01    1.6292e-02 6.9509e+00 1.9895e-13
   336 1.2811e-03 5.9218e+01    9.2574e-03 8.1952e+00 1.7053e-13
   288 8.3557e-04 5.7178e+01    5.1211e-03 9.3293e+00 5.6843e-14
   240 5.1553e-04 5.3631e+01    2.9356e-03 9.4180e+00 4.2633e-14
   192 2.6928e-04 5.2569e+01    1.5397e-03 9.1938e+00 2.8422e-14
   144 1.2080e-04 4.9436e+01    6.5343e-04 9.1394e+00 2.8422e-14
    96 4.2156e-05 4.1974e+01    2.3009e-04 7.6903e+00 1.4211e-14
    48 2.1997e-05 1.0055e+01    3.3468e-05 6.6088e+00 7.1054e-15
];

% Maximum difference between reference and your implementation: 3.552714e-13.
