% number of repeats:% 3
% enter first, last, inc:% 48 480 48 
data = [
%  n          reference      |         current implementation 
%        time       GFLOPS   |    time       GFLOPS     diff 
   480 4.1591e-03 5.3180e+01    4.0314e-02 5.4865e+00 3.4106e-13
   432 2.7692e-03 5.8227e+01    2.6929e-02 5.9878e+00 2.9843e-13
   384 2.0043e-03 5.6500e+01    1.6555e-02 6.8404e+00 2.1316e-13
   336 1.2850e-03 5.9041e+01    9.5292e-03 7.9614e+00 1.7053e-13
   288 8.2720e-04 5.7756e+01    5.2978e-03 9.0180e+00 5.6843e-14
   240 5.2430e-04 5.2733e+01    2.8058e-03 9.8540e+00 4.2633e-14
   192 2.6711e-04 5.2997e+01    1.4233e-03 9.9460e+00 2.8422e-14
   144 1.1823e-04 5.0513e+01    6.5144e-04 9.1673e+00 2.8422e-14
    96 4.1999e-05 4.2131e+01    2.1603e-04 8.1909e+00 1.4211e-14
    48 1.3952e-05 1.5853e+01    3.4329e-05 6.4431e+00 5.3291e-15
];

% Maximum difference between reference and your implementation: 3.410605e-13.
