% number of repeats:% 3
% enter first, last, inc:% 48 480 48 
data = [
%  n          reference      |         current implementation 
%        time       GFLOPS   |    time       GFLOPS     diff 
   480 3.9630e-03 5.5813e+01    2.2566e-01 9.8016e-01 3.5527e-13
   432 2.8335e-03 5.6906e+01    1.5314e-01 1.0529e+00 3.1264e-13
   384 2.0538e-03 5.5139e+01    1.9012e-01 5.9564e-01 1.9895e-13
   336 1.2935e-03 5.8650e+01    6.6605e-02 1.1390e+00 1.7053e-13
   288 9.4504e-04 5.0554e+01    4.7245e-02 1.0112e+00 5.6843e-14
   240 6.1767e-04 4.4762e+01    2.1769e-02 1.2700e+00 4.2633e-14
   192 2.8499e-04 4.9671e+01    1.3662e-02 1.0362e+00 2.8422e-14
   144 1.2005e-04 4.9747e+01    3.1270e-03 1.9098e+00 2.8422e-14
    96 4.2095e-05 4.2035e+01    1.0881e-03 1.6262e+00 1.4211e-14
    48 1.4386e-05 1.5375e+01    9.4753e-05 2.3343e+00 7.1054e-15
];

% Maximum difference between reference and your implementation: 3.552714e-13.
