% number of repeats:% 3
% enter first, last, inc:% 48 480 48 
data = [
%  n          reference      |         current implementation 
%        time       GFLOPS   |    time       GFLOPS     diff 
   480 3.8375e-03 5.7638e+01    2.2622e-01 9.7774e-01 3.5527e-13
   432 2.8074e-03 5.7435e+01    1.5625e-01 1.0320e+00 3.1264e-13
   384 2.0280e-03 5.5841e+01    1.9274e-01 5.8755e-01 1.9895e-13
   336 1.3741e-03 5.5212e+01    6.7512e-02 1.1237e+00 1.7053e-13
   288 8.4187e-04 5.6749e+01    4.3211e-02 1.1056e+00 5.6843e-14
   240 5.5867e-04 4.9489e+01    1.9423e-02 1.4235e+00 4.2633e-14
   192 2.6740e-04 5.2938e+01    1.7990e-02 7.8686e-01 2.8422e-14
   144 1.2081e-04 4.9433e+01    2.9680e-03 2.0121e+00 2.8422e-14
    96 4.2927e-05 4.1220e+01    9.2064e-04 1.9220e+00 1.4211e-14
    48 2.0244e-05 1.0926e+01    9.5157e-05 2.3244e+00 7.1054e-15
];

% Maximum difference between reference and your implementation: 3.552714e-13.
