% number of repeats:% 3
% enter first, last, inc:% 48 480 48 
data = [
%  n          reference      |         current implementation 
%        time       GFLOPS   |    time       GFLOPS     diff 
   480 3.8962e-03 5.6769e+01    2.2703e-01 9.7427e-01 3.5527e-13
   432 2.8317e-03 5.6942e+01    1.5585e-01 1.0346e+00 3.1264e-13
   384 1.9625e-03 5.7706e+01    1.9155e-01 5.9120e-01 1.9895e-13
   336 1.3099e-03 5.7917e+01    6.6860e-02 1.1347e+00 1.7053e-13
   288 8.4570e-04 5.6493e+01    4.2906e-02 1.1135e+00 5.6843e-14
   240 5.0101e-04 5.5185e+01    1.9083e-02 1.4489e+00 4.2633e-14
   192 2.6848e-04 5.2725e+01    1.4044e-02 1.0080e+00 2.8422e-14
   144 1.2087e-04 4.9408e+01    2.9730e-03 2.0087e+00 2.8422e-14
    96 4.2048e-05 4.2082e+01    9.5967e-04 1.8438e+00 1.4211e-14
    48 1.9479e-05 1.1355e+01    9.9852e-05 2.2151e+00 7.1054e-15
];

% Maximum difference between reference and your implementation: 3.552714e-13.
