% number of repeats:% 3
% enter first, last, inc:% 48 1488 48 
data = [
%  n          reference      |         current implementation 
%        time       GFLOPS   |    time       GFLOPS     diff 
  1488 1.0907e-01 6.0412e+01    4.7870e-01 1.3765e+01 2.1600e-12
  1440 9.7224e-02 6.1425e+01    4.0959e-01 1.4580e+01 2.1032e-12
  1392 9.2136e-02 5.8549e+01    3.4770e-01 1.5515e+01 1.9327e-12
  1344 8.0250e-02 6.0504e+01    2.8793e-01 1.6863e+01 1.8190e-12
  1296 7.2200e-02 6.0299e+01    2.6920e-01 1.6173e+01 1.8190e-12
  1248 6.3055e-02 6.1653e+01    2.2065e-01 1.7619e+01 1.6485e-12
  1200 5.5888e-02 6.1838e+01    2.1136e-01 1.6351e+01 1.5348e-12
  1152 5.0339e-02 6.0741e+01    1.7599e-01 1.7374e+01 1.3642e-12
  1104 4.3690e-02 6.1597e+01    1.6203e-01 1.6609e+01 1.2506e-12
  1056 3.8544e-02 6.1103e+01    1.3429e-01 1.7538e+01 1.1937e-12
  1008 3.3165e-02 6.1763e+01    1.1999e-01 1.7072e+01 1.0232e-12
   960 2.9060e-02 6.0890e+01    1.0257e-01 1.7252e+01 1.0232e-12
   912 2.5068e-02 6.0519e+01    9.1186e-02 1.6638e+01 1.0800e-12
   864 2.1314e-02 6.0522e+01    7.3355e-02 1.7585e+01 8.5265e-13
   816 1.8439e-02 5.8935e+01    6.5635e-02 1.6556e+01 8.2423e-13
   768 1.5210e-02 5.9564e+01    5.2360e-02 1.7303e+01 7.1054e-13
   720 1.2648e-02 5.9022e+01    4.4697e-02 1.6701e+01 6.8212e-13
   672 1.0448e-02 5.8092e+01    3.3361e-02 1.8193e+01 5.6843e-13
   624 8.3324e-03 5.8320e+01    2.7030e-02 1.7978e+01 5.4001e-13
   576 6.7036e-03 5.7015e+01    2.1287e-02 1.7955e+01 5.4001e-13
   528 5.0341e-03 5.8481e+01    1.5987e-02 1.8414e+01 3.9790e-13
   480 3.9517e-03 5.5972e+01    1.1896e-02 1.8592e+01 3.1264e-13
   432 2.7673e-03 5.8267e+01    8.5995e-03 1.8750e+01 2.7001e-13
   384 2.0081e-03 5.6396e+01    6.1758e-03 1.8337e+01 2.2737e-13
   336 1.3000e-03 5.8359e+01    3.9357e-03 1.9276e+01 1.7053e-13
   288 8.4854e-04 5.6303e+01    2.4782e-03 1.9278e+01 7.1054e-14
   240 5.0160e-04 5.5120e+01    1.3679e-03 2.0211e+01 4.2633e-14
   192 2.6553e-04 5.3311e+01    7.0820e-04 1.9988e+01 2.8422e-14
   144 1.1804e-04 5.0592e+01    3.1386e-04 1.9028e+01 2.8422e-14
    96 4.2187e-05 4.1944e+01    9.6881e-05 1.8264e+01 1.0658e-14
    48 1.2176e-05 1.8166e+01    1.1438e-05 1.9338e+01 5.3291e-15
];

% Maximum difference between reference and your implementation: 2.160050e-12.
