% number of repeats:% 3
% enter first, last, inc:% 48 1488 48 
data = [
%  n          reference      |         current implementation 
%        time       GFLOPS   |    time       GFLOPS     diff 
  1488 1.0520e-01 6.2637e+01    4.0550e-01 1.6250e+01 2.1600e-12
  1440 9.5614e-02 6.2459e+01    3.1801e-01 1.8779e+01 2.1032e-12
  1392 8.6463e-02 6.2390e+01    2.8346e-01 1.9031e+01 1.9327e-12
  1344 7.7445e-02 6.2695e+01    2.6761e-01 1.8144e+01 1.8190e-12
  1296 6.9257e-02 6.2861e+01    2.2988e-01 1.8938e+01 1.8190e-12
  1248 6.2816e-02 6.1888e+01    2.0694e-01 1.8786e+01 1.6485e-12
  1200 5.5110e-02 6.2711e+01    1.8174e-01 1.9017e+01 1.5348e-12
  1152 5.0031e-02 6.1115e+01    1.7515e-01 1.7458e+01 1.3642e-12
  1104 4.3677e-02 6.1614e+01    1.4051e-01 1.9152e+01 1.2506e-12
  1056 3.8338e-02 6.1432e+01    1.2647e-01 1.8622e+01 1.1937e-12
  1008 3.3596e-02 6.0970e+01    1.0799e-01 1.8968e+01 1.0232e-12
   960 2.9474e-02 6.0036e+01    9.5077e-02 1.8611e+01 1.0232e-12
   912 2.5655e-02 5.9134e+01    8.0075e-02 1.8946e+01 1.0800e-12
   864 2.1210e-02 6.0818e+01    6.8347e-02 1.8874e+01 8.5265e-13
   816 1.8264e-02 5.9498e+01    5.9352e-02 1.8309e+01 8.2423e-13
   768 1.5656e-02 5.7868e+01    5.2320e-02 1.7316e+01 7.1054e-13
   720 1.2770e-02 5.8457e+01    3.8299e-02 1.9491e+01 6.8212e-13
   672 1.0229e-02 5.9335e+01    3.1101e-02 1.9515e+01 5.6843e-13
   624 8.4460e-03 5.7535e+01    2.4893e-02 1.9521e+01 5.4001e-13
   576 6.7026e-03 5.7024e+01    1.9886e-02 1.9220e+01 5.4001e-13
   528 5.3645e-03 5.4879e+01    1.5822e-02 1.8607e+01 3.9790e-13
   480 4.0547e-03 5.4549e+01    1.1486e-02 1.9258e+01 3.1264e-13
   432 2.8111e-03 5.7360e+01    7.9656e-03 2.0242e+01 2.7001e-13
   384 2.0633e-03 5.4886e+01    5.8664e-03 1.9304e+01 2.2737e-13
   336 1.2974e-03 5.8476e+01    3.6062e-03 2.1038e+01 1.7053e-13
   288 8.2978e-04 5.7577e+01    2.2807e-03 2.0947e+01 7.1054e-14
   240 5.2231e-04 5.2935e+01    1.2952e-03 2.1346e+01 4.2633e-14
   192 2.7798e-04 5.0924e+01    6.7403e-04 2.1002e+01 2.8422e-14
   144 1.2032e-04 4.9634e+01    2.8945e-04 2.0632e+01 2.8422e-14
    96 4.1987e-05 4.2143e+01    9.3994e-05 1.8825e+01 1.0658e-14
    48 1.2289e-05 1.7999e+01    1.2269e-05 1.8028e+01 5.3291e-15
];

% Maximum difference between reference and your implementation: 2.160050e-12.
