% number of repeats:% 3
% enter first, last, inc:% 48 1488 48 
data = [
%  n          reference      |         current implementation 
%        time       GFLOPS   |    time       GFLOPS     diff 
  1488 1.0555e-01 6.2429e+01    2.8745e-01 2.2923e+01 2.1600e-12
  1440 1.0033e-01 5.9523e+01    2.1699e-01 2.7522e+01 2.1032e-12
  1392 8.5974e-02 6.2745e+01    1.9610e-01 2.7509e+01 1.9327e-12
  1344 7.7278e-02 6.2830e+01    1.7864e-01 2.7180e+01 1.8190e-12
  1296 6.9827e-02 6.2348e+01    1.6255e-01 2.6783e+01 1.8190e-12
  1248 6.4267e-02 6.0491e+01    1.4386e-01 2.7022e+01 1.6485e-12
  1200 5.5764e-02 6.1975e+01    1.3123e-01 2.6335e+01 1.5348e-12
  1152 5.1025e-02 5.9925e+01    1.1893e-01 2.5709e+01 1.3642e-12
  1104 4.3297e-02 6.2156e+01    9.7353e-02 2.7643e+01 1.2506e-12
  1056 3.8302e-02 6.1489e+01    8.5377e-02 2.7585e+01 1.1937e-12
  1008 3.4240e-02 5.9824e+01    7.6392e-02 2.6814e+01 1.0232e-12
   960 2.8812e-02 6.1414e+01    6.4025e-02 2.7637e+01 1.0232e-12
   912 2.5417e-02 5.9688e+01    5.7789e-02 2.6252e+01 1.0800e-12
   864 2.1450e-02 6.0138e+01    4.7455e-02 2.7182e+01 8.5265e-13
   816 1.8280e-02 5.9445e+01    3.9745e-02 2.7342e+01 8.2423e-13
   768 1.5213e-02 5.9552e+01    3.3677e-02 2.6902e+01 7.1054e-13
   720 1.2423e-02 6.0090e+01    2.5631e-02 2.9124e+01 6.8212e-13
   672 1.0142e-02 5.9844e+01    2.1144e-02 2.8705e+01 5.6843e-13
   624 8.3372e-03 5.8286e+01    1.6835e-02 2.8865e+01 5.4001e-13
   576 6.6359e-03 5.7597e+01    1.3649e-02 2.8003e+01 5.4001e-13
   528 5.0565e-03 5.8221e+01    1.0107e-02 2.9128e+01 3.9790e-13
   480 3.8812e-03 5.6989e+01    7.6563e-03 2.8889e+01 3.1264e-13
   432 2.7701e-03 5.8208e+01    5.5984e-03 2.8802e+01 2.7001e-13
   384 1.9909e-03 5.6883e+01    4.0051e-03 2.8276e+01 2.2737e-13
   336 1.2721e-03 5.9640e+01    2.4582e-03 3.0863e+01 1.7053e-13
   288 8.3920e-04 5.6930e+01    1.5240e-03 3.1348e+01 7.1054e-14
   240 4.9557e-04 5.5790e+01    8.7816e-04 3.1484e+01 4.2633e-14
   192 2.7662e-04 5.1173e+01    5.1113e-04 2.7695e+01 2.8422e-14
   144 1.1996e-04 4.9785e+01    2.0659e-04 2.8907e+01 2.8422e-14
    96 4.2025e-05 4.2105e+01    6.2219e-05 2.8439e+01 1.0658e-14
    48 1.2186e-05 1.8151e+01    7.8060e-06 2.8335e+01 5.3291e-15
];

% Maximum difference between reference and your implementation: 2.160050e-12.
