% number of repeats:% 3
% enter first, last, inc:% 48 1488 48 
data = [
%  n          reference      |         current implementation 
%        time       GFLOPS   |    time       GFLOPS     diff 
  1488 1.0648e-01 6.1882e+01    2.1241e-01 3.1021e+01 2.1600e-12
  1440 9.6445e-02 6.1921e+01    1.9028e-01 3.1385e+01 2.1032e-12
  1392 8.5201e-02 6.3314e+01    1.7140e-01 3.1473e+01 1.9327e-12
  1344 7.6648e-02 6.3347e+01    1.5383e-01 3.1563e+01 1.8190e-12
  1296 6.9836e-02 6.2340e+01    1.3772e-01 3.1611e+01 1.8190e-12
  1248 6.1836e-02 6.2869e+01    1.2153e-01 3.1988e+01 1.6485e-12
  1200 5.5176e-02 6.2635e+01    1.0948e-01 3.1567e+01 1.5348e-12
  1152 4.9948e-02 6.1217e+01    9.6525e-02 3.1677e+01 1.3642e-12
  1104 4.3704e-02 6.1577e+01    8.4658e-02 3.1788e+01 1.2506e-12
  1056 3.8045e-02 6.1904e+01    7.3272e-02 3.2143e+01 1.1937e-12
  1008 3.2715e-02 6.2613e+01    6.4015e-02 3.1999e+01 1.0232e-12
   960 2.8945e-02 6.1132e+01    5.5007e-02 3.2168e+01 1.0232e-12
   912 2.4970e-02 6.0756e+01    4.7211e-02 3.2134e+01 1.0800e-12
   864 2.1129e-02 6.1052e+01    3.9865e-02 3.2358e+01 8.5265e-13
   816 1.8003e-02 6.0362e+01    3.4187e-02 3.1787e+01 8.2423e-13
   768 1.5105e-02 5.9980e+01    2.8203e-02 3.2123e+01 7.1054e-13
   720 1.2479e-02 5.9819e+01    2.3211e-02 3.2162e+01 6.8212e-13
   672 1.0404e-02 5.8335e+01    1.9091e-02 3.1791e+01 5.6843e-13
   624 8.4087e-03 5.7790e+01    1.5517e-02 3.1317e+01 5.4001e-13
   576 6.8528e-03 5.5773e+01    1.2037e-02 3.1754e+01 5.4001e-13
   528 5.0819e-03 5.7930e+01    9.3217e-03 3.1582e+01 3.9790e-13
   480 3.8754e-03 5.7074e+01    7.0218e-03 3.1500e+01 3.1264e-13
   432 2.9092e-03 5.5426e+01    5.1431e-03 3.1351e+01 2.7001e-13
   384 2.0068e-03 5.6431e+01    3.5633e-03 3.1781e+01 2.2737e-13
   336 1.3173e-03 5.7592e+01    2.3891e-03 3.1755e+01 1.7053e-13
   288 8.6326e-04 5.5344e+01    1.4796e-03 3.2290e+01 7.1054e-14
   240 5.2312e-04 5.2852e+01    8.2600e-04 3.3472e+01 4.2633e-14
   192 2.6905e-04 5.2613e+01    4.1808e-04 3.3859e+01 2.8422e-14
   144 1.1882e-04 5.0259e+01    1.9998e-04 2.9862e+01 2.8422e-14
    96 4.1751e-05 4.2382e+01    6.2674e-05 2.8233e+01 1.0658e-14
    48 1.2003e-05 1.8427e+01    9.1200e-06 2.4253e+01 5.3291e-15
];

% Maximum difference between reference and your implementation: 2.160050e-12.
