% number of repeats:% 3
% enter first, last, inc:% 48 1488 48 
data = [
%  n          reference      |         current implementation 
%        time       GFLOPS   |    time       GFLOPS     diff 
  1488 1.0847e-01 6.0748e+01    4.5376e-01 1.4522e+01 2.1600e-12
  1440 9.7089e-02 6.1510e+01    3.4643e-01 1.7238e+01 2.1032e-12
  1392 8.9117e-02 6.0532e+01    3.0262e-01 1.7826e+01 1.9327e-12
  1344 7.9732e-02 6.0897e+01    2.7472e-01 1.7674e+01 1.8190e-12
  1296 7.3486e-02 5.9244e+01    2.4697e-01 1.7628e+01 1.8190e-12
  1248 6.3638e-02 6.1088e+01    2.2115e-01 1.7579e+01 1.6485e-12
  1200 5.6625e-02 6.1033e+01    2.0063e-01 1.7226e+01 1.5348e-12
  1152 5.0721e-02 6.0284e+01    1.7487e-01 1.7485e+01 1.3642e-12
  1104 4.4531e-02 6.0433e+01    1.5111e-01 1.7809e+01 1.2506e-12
  1056 3.8049e-02 6.1898e+01    1.3306e-01 1.7701e+01 1.1937e-12
  1008 3.3217e-02 6.1667e+01    1.1351e-01 1.8046e+01 1.0232e-12
   960 2.9170e-02 6.0661e+01    9.8243e-02 1.8011e+01 1.0232e-12
   912 2.5931e-02 5.8505e+01    8.4948e-02 1.7859e+01 1.0800e-12
   864 2.1405e-02 6.0263e+01    7.2548e-02 1.7781e+01 8.5265e-13
   816 1.7979e-02 6.0442e+01    6.0124e-02 1.8074e+01 8.2423e-13
   768 1.5354e-02 5.9007e+01    5.0557e-02 1.7920e+01 7.1054e-13
   720 1.2480e-02 5.9814e+01    4.0958e-02 1.8226e+01 6.8212e-13
   672 1.1170e-02 5.4336e+01    3.6575e-02 1.6594e+01 5.6843e-13
   624 8.6266e-03 5.6331e+01    2.7084e-02 1.7942e+01 5.4001e-13
   576 6.6269e-03 5.7675e+01    2.0785e-02 1.8388e+01 5.4001e-13
   528 5.0409e-03 5.8401e+01    1.5981e-02 1.8422e+01 3.9790e-13
   480 3.8896e-03 5.6866e+01    1.1817e-02 1.8717e+01 3.1264e-13
   432 2.8822e-03 5.5945e+01    8.3587e-03 1.9290e+01 2.7001e-13
   384 1.9755e-03 5.7324e+01    5.8250e-03 1.9441e+01 2.2737e-13
   336 1.3135e-03 5.7759e+01    3.8337e-03 1.9789e+01 1.7053e-13
   288 8.1957e-04 5.8294e+01    2.4205e-03 1.9738e+01 7.1054e-14
   240 5.0711e-04 5.4520e+01    1.3812e-03 2.0018e+01 4.2633e-14
   192 2.6476e-04 5.3466e+01    6.9453e-04 2.0382e+01 2.8422e-14
   144 1.1832e-04 5.0471e+01    3.2117e-04 1.8594e+01 2.8422e-14
    96 4.2239e-05 4.1892e+01    9.6882e-05 1.8264e+01 1.0658e-14
    48 1.2079e-05 1.8311e+01    1.1500e-05 1.9233e+01 5.3291e-15
];

% Maximum difference between reference and your implementation: 2.160050e-12.
