% number of repeats:% 3
% enter first, last, inc:% 48 1488 48 
data = [
%  n          reference      |         current implementation 
%        time       GFLOPS   |    time       GFLOPS     diff 
  1488 1.0620e-01 6.2043e+01    4.6502e-01 1.4170e+01 2.1600e-12
  1440 9.7299e-02 6.1378e+01    3.4665e-01 1.7227e+01 2.1032e-12
  1392 8.7095e-02 6.1938e+01    3.2044e-01 1.6835e+01 1.9327e-12
  1344 7.8295e-02 6.2015e+01    2.8251e-01 1.7187e+01 1.8190e-12
  1296 7.1106e-02 6.1226e+01    2.5639e-01 1.6981e+01 1.8190e-12
  1248 6.2672e-02 6.2030e+01    2.2216e-01 1.7499e+01 1.6485e-12
  1200 5.6178e-02 6.1518e+01    2.0283e-01 1.7039e+01 1.5348e-12
  1152 4.8905e-02 6.2522e+01    1.7686e-01 1.7289e+01 1.3642e-12
  1104 4.3305e-02 6.2144e+01    1.5919e-01 1.6905e+01 1.2506e-12
  1056 3.7689e-02 6.2490e+01    1.3755e-01 1.7123e+01 1.1937e-12
  1008 3.2582e-02 6.2869e+01    1.1989e-01 1.7085e+01 1.0232e-12
   960 3.8480e-02 4.5985e+01    1.6647e-01 1.0629e+01 1.0232e-12
   912 2.5220e-02 6.0155e+01    9.1132e-02 1.6647e+01 1.0800e-12
   864 2.1804e-02 5.9160e+01    7.5187e-02 1.7156e+01 8.5265e-13
   816 1.8677e-02 5.8183e+01    6.6757e-02 1.6278e+01 8.2423e-13
   768 1.5574e-02 5.8172e+01    5.3616e-02 1.6897e+01 7.1054e-13
   720 1.2652e-02 5.9004e+01    4.4910e-02 1.6622e+01 6.8212e-13
   672 1.0405e-02 5.8330e+01    3.5482e-02 1.7105e+01 5.6843e-13
   624 8.5768e-03 5.6657e+01    2.8614e-02 1.6983e+01 5.4001e-13
   576 6.7157e-03 5.6912e+01    2.2073e-02 1.7316e+01 5.4001e-13
   528 5.1344e-03 5.7338e+01    1.6802e-02 1.7522e+01 3.9790e-13
   480 3.9422e-03 5.6107e+01    1.2441e-02 1.7779e+01 3.1264e-13
   432 2.9028e-03 5.5547e+01    8.9091e-03 1.8099e+01 2.7001e-13
   384 2.0374e-03 5.5584e+01    6.2292e-03 1.8180e+01 2.2737e-13
   336 1.3293e-03 5.7073e+01    4.0062e-03 1.8937e+01 1.7053e-13
   288 8.8961e-04 5.3704e+01    2.4935e-03 1.9160e+01 7.1054e-14
   240 5.2145e-04 5.3021e+01    1.3781e-03 2.0063e+01 4.2633e-14
   192 2.6637e-04 5.3144e+01    7.1153e-04 1.9895e+01 2.8422e-14
   144 1.2030e-04 4.9644e+01    3.0659e-04 1.9479e+01 2.8422e-14
    96 4.1895e-05 4.2236e+01    9.7688e-05 1.8114e+01 1.0658e-14
    48 1.2134e-05 1.8228e+01    1.1520e-05 1.9200e+01 5.3291e-15
];

% Maximum difference between reference and your implementation: 2.160050e-12.
