% number of repeats:% 3
% enter first, last, inc:% 48 1488 48 
data = [
%  n          reference      |         current implementation 
%        time       GFLOPS   |    time       GFLOPS     diff 
  1488 1.0474e-01 6.2910e+01    3.4260e-01 1.9233e+01 2.1600e-12
  1440 9.6221e-02 6.2065e+01    2.5968e-01 2.2997e+01 2.1032e-12
  1392 8.5630e-02 6.2997e+01    2.3621e-01 2.2837e+01 1.9327e-12
  1344 7.8054e-02 6.2206e+01    2.1270e-01 2.2828e+01 1.8190e-12
  1296 7.0248e-02 6.1974e+01    1.9116e-01 2.2775e+01 1.8190e-12
  1248 6.2868e-02 6.1836e+01    1.6816e-01 2.3118e+01 1.6485e-12
  1200 5.5464e-02 6.2310e+01    1.5206e-01 2.2728e+01 1.5348e-12
  1152 4.9818e-02 6.1377e+01    1.3313e-01 2.2968e+01 1.3642e-12
  1104 4.3596e-02 6.1730e+01    1.1872e-01 2.2669e+01 1.2506e-12
  1056 6.6209e-02 3.5572e+01    1.4304e-01 1.6465e+01 1.1937e-12
  1008 3.3266e-02 6.1577e+01    9.0435e-02 2.2650e+01 1.0232e-12
   960 2.9017e-02 6.0980e+01    7.7945e-02 2.2702e+01 1.0232e-12
   912 2.5510e-02 5.9470e+01    6.8021e-02 2.2303e+01 1.0800e-12
   864 2.1115e-02 6.1090e+01    5.6361e-02 2.2887e+01 8.5265e-13
   816 1.7741e-02 6.1254e+01    4.8703e-02 2.2312e+01 8.2423e-13
   768 1.5481e-02 5.8520e+01    4.0275e-02 2.2494e+01 7.1054e-13
   720 1.2418e-02 6.0112e+01    3.3655e-02 2.2181e+01 6.8212e-13
   672 1.0699e-02 5.6727e+01    2.6456e-02 2.2941e+01 5.6843e-13
   624 8.5513e-03 5.6827e+01    2.2821e-02 2.1294e+01 5.4001e-13
   576 6.6634e-03 5.7359e+01    1.5487e-02 2.4680e+01 5.4001e-13
   528 5.0228e-03 5.8612e+01    1.0671e-02 2.7588e+01 3.9790e-13
   480 3.9130e-03 5.6525e+01    8.1452e-03 2.7155e+01 3.1264e-13
   432 2.8260e-03 5.7057e+01    5.6467e-03 2.8555e+01 2.7001e-13
   384 1.9580e-03 5.7839e+01    3.8629e-03 2.9316e+01 2.2737e-13
   336 1.2859e-03 5.8998e+01    2.4158e-03 3.1404e+01 1.7053e-13
   288 8.2687e-04 5.7779e+01    1.5717e-03 3.0397e+01 7.1054e-14
   240 4.9584e-04 5.5759e+01    8.0754e-04 3.4237e+01 4.2633e-14
   192 2.8604e-04 4.9489e+01    4.3204e-04 3.2765e+01 2.8422e-14
   144 1.2067e-04 4.9491e+01    1.8292e-04 3.2648e+01 2.8422e-14
    96 4.2062e-05 4.2068e+01    5.3283e-05 3.3209e+01 1.0658e-14
    48 1.2091e-05 1.8293e+01    6.7880e-06 3.2585e+01 5.3291e-15
];

% Maximum difference between reference and your implementation: 2.160050e-12.
