% number of repeats:% 3
% enter first, last, inc:% 48 1488 48 
data = [
%  n          reference      |         current implementation 
%        time       GFLOPS   |    time       GFLOPS     diff 
  1488 1.0632e-01 6.1974e+01    4.8196e-01 1.3672e+01 2.1600e-12
  1440 9.6840e-02 6.1668e+01    3.6745e-01 1.6253e+01 2.1032e-12
  1392 8.6723e-02 6.2203e+01    3.3350e-01 1.6175e+01 1.9327e-12
  1344 7.7787e-02 6.2420e+01    2.9872e-01 1.6254e+01 1.8190e-12
  1296 7.2537e-02 6.0019e+01    2.7010e-01 1.6118e+01 1.8190e-12
  1248 6.3421e-02 6.1297e+01    2.3550e-01 1.6508e+01 1.6485e-12
  1200 5.5946e-02 6.1774e+01    2.1305e-01 1.6222e+01 1.5348e-12
  1152 4.9971e-02 6.1188e+01    1.8825e-01 1.6242e+01 1.3642e-12
  1104 4.3248e-02 6.2226e+01    1.6650e-01 1.6163e+01 1.2506e-12
  1056 3.8061e-02 6.1879e+01    1.4361e-01 1.6400e+01 1.1937e-12
  1008 3.2626e-02 6.2785e+01    1.2555e-01 1.6315e+01 1.0232e-12
   960 2.8865e-02 6.1301e+01    1.0818e-01 1.6357e+01 1.0232e-12
   912 2.5226e-02 6.0141e+01    9.3080e-02 1.6299e+01 1.0800e-12
   864 2.1410e-02 6.0251e+01    7.8523e-02 1.6428e+01 8.5265e-13
   816 1.7823e-02 6.0971e+01    6.6484e-02 1.6345e+01 8.2423e-13
   768 1.5349e-02 5.9023e+01    5.6480e-02 1.6041e+01 7.1054e-13
   720 1.2414e-02 6.0134e+01    4.5863e-02 1.6277e+01 6.8212e-13
   672 1.0203e-02 5.9485e+01    3.6481e-02 1.6637e+01 5.6843e-13
   624 8.4072e-03 5.7801e+01    2.9113e-02 1.6692e+01 5.4001e-13
   576 6.6009e-03 5.7902e+01    2.2236e-02 1.7188e+01 5.4001e-13
   528 5.1734e-03 5.6906e+01    1.7440e-02 1.6880e+01 3.9790e-13
   480 3.8469e-03 5.7497e+01    1.2227e-02 1.8090e+01 3.1264e-13
   432 2.8373e-03 5.6830e+01    8.6301e-03 1.8684e+01 2.7001e-13
   384 1.9815e-03 5.7153e+01    6.1970e-03 1.8274e+01 2.2737e-13
   336 1.2660e-03 5.9924e+01    4.0254e-03 1.8847e+01 1.7053e-13
   288 8.4361e-04 5.6633e+01    2.5230e-03 1.8936e+01 7.1054e-14
   240 5.2057e-04 5.3111e+01    1.3679e-03 2.0212e+01 4.2633e-14
   192 2.6612e-04 5.3193e+01    7.0672e-04 2.0030e+01 2.8422e-14
   144 1.1872e-04 5.0303e+01    2.8682e-04 2.0821e+01 2.8422e-14
    96 4.1740e-05 4.2393e+01    9.7204e-05 1.8204e+01 1.0658e-14
    48 1.2202e-05 1.8127e+01    1.1514e-05 1.9210e+01 5.3291e-15
];

% Maximum difference between reference and your implementation: 2.160050e-12.
