% number of repeats:% 3
% enter first, last, inc:% 48 1488 48 
data = [
%  n          reference      |         current implementation 
%        time       GFLOPS   |    time       GFLOPS     diff 
  1488 1.3428e-01 4.9070e+01    3.3907e-01 1.9433e+01 2.1600e-12
  1440 1.0209e-01 5.8497e+01    2.3651e-01 2.5250e+01 2.1032e-12
  1392 8.7742e-02 6.1481e+01    2.1632e-01 2.4937e+01 1.9327e-12
  1344 7.8160e-02 6.2122e+01    1.9053e-01 2.5483e+01 1.8190e-12
  1296 6.9743e-02 6.2423e+01    1.7638e-01 2.4683e+01 1.8190e-12
  1248 6.2545e-02 6.2156e+01    1.5279e-01 2.5444e+01 1.6485e-12
  1200 5.5000e-02 6.2837e+01    1.4083e-01 2.4540e+01 1.5348e-12
  1152 5.0082e-02 6.1053e+01    1.2040e-01 2.5395e+01 1.3642e-12
  1104 4.3016e-02 6.2561e+01    1.1232e-01 2.3959e+01 1.2506e-12
  1056 3.7982e-02 6.2007e+01    9.1691e-02 2.5686e+01 1.1937e-12
  1008 3.2905e-02 6.2251e+01    8.2176e-02 2.4927e+01 1.0232e-12
   960 2.8641e-02 6.1782e+01    7.0133e-02 2.5230e+01 1.0232e-12
   912 2.5008e-02 6.0664e+01    6.2777e-02 2.4167e+01 1.0800e-12
   864 2.1058e-02 6.1255e+01    5.0556e-02 2.5515e+01 8.5265e-13
   816 1.7805e-02 6.1032e+01    4.4743e-02 2.4287e+01 8.2423e-13
   768 1.5171e-02 5.9717e+01    3.7019e-02 2.4473e+01 7.1054e-13
   720 1.2385e-02 6.0272e+01    3.0644e-02 2.4360e+01 6.8212e-13
   672 1.0179e-02 5.9627e+01    2.3939e-02 2.5353e+01 5.6843e-13
   624 8.4227e-03 5.7694e+01    1.9121e-02 2.5414e+01 5.4001e-13
   576 6.7123e-03 5.6941e+01    1.5039e-02 2.5414e+01 5.4001e-13
   528 5.0861e-03 5.7883e+01    1.1155e-02 2.6392e+01 3.9790e-13
   480 3.9779e-03 5.5603e+01    8.1082e-03 2.7279e+01 3.1264e-13
   432 3.8439e-03 4.1948e+01    5.5561e-03 2.9021e+01 2.7001e-13
   384 2.0710e-03 5.4683e+01    3.9492e-03 2.8675e+01 2.2737e-13
   336 1.2879e-03 5.8909e+01    2.4612e-03 3.0825e+01 1.7053e-13
   288 8.2751e-04 5.7734e+01    1.5154e-03 3.1526e+01 7.1054e-14
   240 4.9470e-04 5.5889e+01    8.1079e-04 3.4100e+01 4.2633e-14
   192 2.6512e-04 5.3394e+01    4.3022e-04 3.2904e+01 2.8422e-14
   144 1.2087e-04 4.9410e+01    1.9806e-04 3.0152e+01 2.8422e-14
    96 4.1840e-05 4.2291e+01    5.8071e-05 3.0471e+01 1.0658e-14
    48 1.2168e-05 1.8178e+01    7.3840e-06 2.9954e+01 5.3291e-15
];

% Maximum difference between reference and your implementation: 2.160050e-12.
