% number of repeats:% 3
% enter first, last, inc:% 48 1488 48 
data = [
%  n          reference      |         current implementation 
%        time       GFLOPS   |    time       GFLOPS     diff 
  1488 1.1144e-01 5.9130e+01    4.9032e-01 1.3439e+01 2.1600e-12
  1440 9.7140e-02 6.1478e+01    3.6316e-01 1.6445e+01 2.1032e-12
  1392 8.6254e-02 6.2542e+01    3.2851e-01 1.6421e+01 1.9327e-12
  1344 7.7608e-02 6.2563e+01    2.9708e-01 1.6344e+01 1.8190e-12
  1296 7.0166e-02 6.2047e+01    2.7306e-01 1.5944e+01 1.8190e-12
  1248 6.2642e-02 6.2060e+01    2.3250e-01 1.6720e+01 1.6485e-12
  1200 5.5468e-02 6.2307e+01    2.1068e-01 1.6404e+01 1.5348e-12
  1152 4.9832e-02 6.1359e+01    1.8573e-01 1.6463e+01 1.3642e-12
  1104 4.4313e-02 6.0730e+01    1.6572e-01 1.6239e+01 1.2506e-12
  1056 3.8208e-02 6.1640e+01    1.4336e-01 1.6429e+01 1.1937e-12
  1008 3.3168e-02 6.1758e+01    1.2642e-01 1.6204e+01 1.0232e-12
   960 2.8876e-02 6.1279e+01    1.0884e-01 1.6257e+01 1.0232e-12
   912 2.5316e-02 5.9926e+01    9.2395e-02 1.6420e+01 1.0800e-12
   864 2.1094e-02 6.1152e+01    7.8243e-02 1.6486e+01 8.5265e-13
   816 1.8036e-02 6.0249e+01    6.6749e-02 1.6280e+01 8.2423e-13
   768 1.5042e-02 6.0228e+01    5.6079e-02 1.6155e+01 7.1054e-13
   720 1.3245e-02 5.6361e+01    4.6068e-02 1.6204e+01 6.8212e-13
   672 1.0341e-02 5.8691e+01    3.6847e-02 1.6472e+01 5.6843e-13
   624 8.3077e-03 5.8493e+01    2.9344e-02 1.6560e+01 5.4001e-13
   576 6.6446e-03 5.7521e+01    2.2717e-02 1.6825e+01 5.4001e-13
   528 5.1934e-03 5.6686e+01    1.7373e-02 1.6945e+01 3.9790e-13
   480 3.9194e-03 5.6433e+01    1.2238e-02 1.8074e+01 3.1264e-13
   432 2.8332e-03 5.6913e+01    8.6332e-03 1.8677e+01 2.7001e-13
   384 2.0152e-03 5.6197e+01    6.1396e-03 1.8445e+01 2.2737e-13
   336 1.4024e-03 5.4097e+01    3.9282e-03 1.9313e+01 1.7053e-13
   288 8.4578e-04 5.6487e+01    2.4600e-03 1.9421e+01 7.1054e-14
   240 5.1784e-04 5.3391e+01    1.3770e-03 2.0078e+01 4.2633e-14
   192 2.6558e-04 5.3301e+01    7.2278e-04 1.9585e+01 2.8422e-14
   144 1.1855e-04 5.0377e+01    2.9801e-04 2.0040e+01 2.8422e-14
    96 4.2631e-05 4.1507e+01    9.7892e-05 1.8076e+01 1.0658e-14
    48 1.2156e-05 1.8195e+01    1.1452e-05 1.9314e+01 5.3291e-15
];

% Maximum difference between reference and your implementation: 2.160050e-12.
