% number of repeats:% 3
% enter first, last, inc:% 48 1488 48 
data = [
%  n          reference      |         current implementation 
%        time       GFLOPS   |    time       GFLOPS     diff 
  1488 1.0572e-01 6.2327e+01    2.8677e-01 2.2977e+01 2.1600e-12
  1440 9.6644e-02 6.1794e+01    2.1992e-01 2.7155e+01 2.1032e-12
  1392 8.6509e-02 6.2357e+01    2.0016e-01 2.6950e+01 1.9327e-12
  1344 7.8325e-02 6.1991e+01    1.8044e-01 2.6908e+01 1.8190e-12
  1296 6.9569e-02 6.2580e+01    1.6537e-01 2.6326e+01 1.8190e-12
  1248 6.3025e-02 6.1683e+01    1.4791e-01 2.6284e+01 1.6485e-12
  1200 5.5603e-02 6.2155e+01    1.2955e-01 2.6678e+01 1.5348e-12
  1152 5.0083e-02 6.1052e+01    1.1804e-01 2.5904e+01 1.3642e-12
  1104 4.3445e-02 6.1944e+01    9.8307e-02 2.7375e+01 1.2506e-12
  1056 3.8651e-02 6.0934e+01    8.5019e-02 2.7702e+01 1.1937e-12
  1008 3.3380e-02 6.1365e+01    7.4134e-02 2.7631e+01 1.0232e-12
   960 2.9288e-02 6.0416e+01    6.5209e-02 2.7135e+01 1.0232e-12
   912 2.5440e-02 5.9634e+01    5.4506e-02 2.7834e+01 1.0800e-12
   864 2.1196e-02 6.0858e+01    4.6729e-02 2.7605e+01 8.5265e-13
   816 1.8093e-02 6.0061e+01    3.9623e-02 2.7426e+01 8.2423e-13
   768 1.5497e-02 5.8459e+01    3.2437e-02 2.7930e+01 7.1054e-13
   720 1.2655e-02 5.8990e+01    2.6768e-02 2.7888e+01 6.8212e-13
   672 1.0291e-02 5.8978e+01    2.1659e-02 2.8022e+01 5.6843e-13
   624 8.4195e-03 5.7716e+01    1.7365e-02 2.7983e+01 5.4001e-13
   576 6.7489e-03 5.6632e+01    1.3622e-02 2.8058e+01 5.4001e-13
   528 5.1173e-03 5.7530e+01    1.0756e-02 2.7371e+01 3.9790e-13
   480 3.9817e-03 5.5550e+01    8.1781e-03 2.7046e+01 3.1264e-13
   432 2.8960e-03 5.5677e+01    5.7728e-03 2.7932e+01 2.7001e-13
   384 2.1340e-03 5.3067e+01    4.1722e-03 2.7143e+01 2.2737e-13
   336 1.4700e-03 5.1609e+01    2.6897e-03 2.8206e+01 1.7053e-13
   288 9.0808e-04 5.2612e+01    1.6889e-03 2.8289e+01 7.1054e-14
   240 5.8225e-04 4.7485e+01    9.3896e-04 2.9445e+01 4.2633e-14
   192 4.3922e-04 3.2229e+01    4.7563e-04 2.9762e+01 2.8422e-14
   144 1.3374e-04 4.4655e+01    2.0387e-04 2.9293e+01 2.8422e-14
    96 5.0341e-05 3.5150e+01    6.1910e-05 2.8581e+01 1.0658e-14
    48 1.2370e-05 1.7881e+01    8.2180e-06 2.6915e+01 5.3291e-15
];

% Maximum difference between reference and your implementation: 2.160050e-12.
