% number of repeats:% 3
% enter first, last, inc:% 48 1488 48 
data = [
%  n          reference      |         current implementation 
%        time       GFLOPS   |    time       GFLOPS     diff 
  1488 1.0517e-01 6.2656e+01    3.3046e-01 1.9940e+01 2.1600e-12
  1440 9.6175e-02 6.2095e+01    2.4623e-01 2.4253e+01 2.1032e-12
  1392 8.6913e-02 6.2067e+01    2.2271e-01 2.4222e+01 1.9327e-12
  1344 7.8004e-02 6.2246e+01    1.9315e-01 2.5138e+01 1.8190e-12
  1296 6.9378e-02 6.2752e+01    1.8504e-01 2.3528e+01 1.8190e-12
  1248 6.2184e-02 6.2517e+01    1.5656e-01 2.4831e+01 1.6485e-12
  1200 5.6282e-02 6.1405e+01    1.4714e-01 2.3487e+01 1.5348e-12
  1152 4.9850e-02 6.1336e+01    1.2219e-01 2.5024e+01 1.3642e-12
  1104 4.3830e-02 6.1400e+01    1.1617e-01 2.3166e+01 1.2506e-12
  1056 3.8566e-02 6.1068e+01    9.5808e-02 2.4582e+01 1.1937e-12
  1008 3.2869e-02 6.2319e+01    8.7796e-02 2.3331e+01 1.0232e-12
   960 2.9690e-02 5.9599e+01    7.2140e-02 2.4528e+01 1.0232e-12
   912 2.5185e-02 6.0239e+01    6.6117e-02 2.2946e+01 1.0800e-12
   864 2.1101e-02 6.1131e+01    5.2440e-02 2.4598e+01 8.5265e-13
   816 1.8346e-02 5.9234e+01    4.8836e-02 2.2251e+01 8.2423e-13
   768 1.5790e-02 5.7374e+01    3.7574e-02 2.4112e+01 7.1054e-13
   720 1.2486e-02 5.9788e+01    3.2334e-02 2.3087e+01 6.8212e-13
   672 1.0100e-02 6.0094e+01    2.4047e-02 2.5239e+01 5.6843e-13
   624 8.3285e-03 5.8347e+01    2.0241e-02 2.4008e+01 5.4001e-13
   576 6.6164e-03 5.7767e+01    1.4868e-02 2.5706e+01 5.4001e-13
   528 5.2169e-03 5.6431e+01    1.1033e-02 2.6683e+01 3.9790e-13
   480 3.8455e-03 5.7518e+01    8.1840e-03 2.7026e+01 3.1264e-13
   432 2.8531e-03 5.6515e+01    5.6832e-03 2.8372e+01 2.7001e-13
   384 2.0431e-03 5.5429e+01    3.8884e-03 2.9124e+01 2.2737e-13
   336 1.3636e-03 5.5635e+01    2.4618e-03 3.0818e+01 1.7053e-13
   288 8.5480e-04 5.5891e+01    1.4735e-03 3.2422e+01 7.1054e-14
   240 5.1605e-04 5.3576e+01    8.0319e-04 3.4423e+01 4.2633e-14
   192 2.6689e-04 5.3041e+01    4.0350e-04 3.5083e+01 2.8422e-14
   144 1.1835e-04 5.0462e+01    1.8155e-04 3.2894e+01 2.8422e-14
    96 4.1834e-05 4.2297e+01    5.3029e-05 3.3368e+01 1.0658e-14
    48 1.2170e-05 1.8175e+01    6.7710e-06 3.2666e+01 5.3291e-15
];

% Maximum difference between reference and your implementation: 2.160050e-12.
