% number of repeats:% 3
% enter first, last, inc:% 48 1488 48 
data = [
%  n          reference      |         current implementation 
%        time       GFLOPS   |    time       GFLOPS     diff 
  1488 1.0645e-01 6.1900e+01    3.2587e-01 2.0221e+01 2.1600e-12
  1440 9.5344e-02 6.2636e+01    2.4076e-01 2.4804e+01 2.1032e-12
  1392 8.6678e-02 6.2235e+01    2.2834e-01 2.3624e+01 1.9327e-12
  1344 1.0186e-01 4.7666e+01    1.9926e-01 2.4367e+01 1.8190e-12
  1296 7.1628e-02 6.0780e+01    1.8340e-01 2.3738e+01 1.8190e-12
  1248 6.2610e-02 6.2091e+01    1.5881e-01 2.4479e+01 1.6485e-12
  1200 5.5585e-02 6.2175e+01    1.4722e-01 2.3475e+01 1.5348e-12
  1152 5.0081e-02 6.1054e+01    1.2232e-01 2.4998e+01 1.3642e-12
  1104 4.4133e-02 6.0978e+01    1.1161e-01 2.4113e+01 1.2506e-12
  1056 3.9828e-02 5.9133e+01    9.2758e-02 2.5391e+01 1.1937e-12
  1008 3.3190e-02 6.1717e+01    8.3684e-02 2.4478e+01 1.0232e-12
   960 2.9062e-02 6.0887e+01    7.1193e-02 2.4855e+01 1.0232e-12
   912 2.5224e-02 6.0144e+01    6.2885e-02 2.4125e+01 1.0800e-12
   864 2.1453e-02 6.0128e+01    5.0876e-02 2.5355e+01 8.5265e-13
   816 1.8039e-02 6.0241e+01    4.5222e-02 2.4030e+01 8.2423e-13
   768 1.5358e-02 5.8991e+01    3.5598e-02 2.5450e+01 7.1054e-13
   720 1.2546e-02 5.9503e+01    3.0113e-02 2.4790e+01 6.8212e-13
   672 1.0424e-02 5.8222e+01    2.3221e-02 2.6137e+01 5.6843e-13
   624 9.6014e-03 5.0611e+01    1.8810e-02 2.5835e+01 5.4001e-13
   576 6.7592e-03 5.6546e+01    1.4459e-02 2.6433e+01 5.4001e-13
   528 5.0917e-03 5.7819e+01    1.0871e-02 2.7080e+01 3.9790e-13
   480 4.0268e-03 5.4928e+01    7.9666e-03 2.7764e+01 3.1264e-13
   432 2.8258e-03 5.7061e+01    5.6207e-03 2.8687e+01 2.7001e-13
   384 1.9308e-03 5.8653e+01    3.9542e-03 2.8639e+01 2.2737e-13
   336 1.3075e-03 5.8023e+01    2.4978e-03 3.0373e+01 1.7053e-13
   288 8.2704e-04 5.7767e+01    1.4930e-03 3.2001e+01 7.1054e-14
   240 5.2597e-04 5.2566e+01    8.2106e-04 3.3674e+01 4.2633e-14
   192 2.7035e-04 5.2360e+01    4.3677e-04 3.2410e+01 2.8422e-14
   144 1.2075e-04 4.9459e+01    1.8353e-04 3.2540e+01 2.8422e-14
    96 4.1937e-05 4.2194e+01    5.3584e-05 3.3022e+01 1.0658e-14
    48 1.1959e-05 1.8495e+01    6.8730e-06 3.2182e+01 5.3291e-15
];

% Maximum difference between reference and your implementation: 2.160050e-12.
