% number of repeats:% 3
% enter first, last, inc:% 48 1488 48 
data = [
%  n          reference      |         current implementation 
%        time       GFLOPS   |    time       GFLOPS     diff 
  1488 1.0435e-01 6.3145e+01    3.1230e-01 2.1100e+01 2.1600e-12
  1440 9.5544e-02 6.2505e+01    2.8063e-01 2.1280e+01 2.1032e-12
  1392 8.4989e-02 6.3473e+01    2.5436e-01 2.1208e+01 1.9327e-12
  1344 7.8861e-02 6.1569e+01    2.2809e-01 2.1287e+01 1.8190e-12
  1296 6.9715e-02 6.2448e+01    2.0349e-01 2.1395e+01 1.8190e-12
  1248 6.2190e-02 6.2511e+01    1.8227e-01 2.1329e+01 1.6485e-12
  1200 5.4937e-02 6.2908e+01    1.6250e-01 2.1268e+01 1.5348e-12
  1152 4.8806e-02 6.2649e+01    1.4426e-01 2.1196e+01 1.3642e-12
  1104 4.3124e-02 6.2405e+01    1.2484e-01 2.1556e+01 1.2506e-12
  1056 3.7722e-02 6.2434e+01    1.1118e-01 2.1184e+01 1.1937e-12
  1008 3.3613e-02 6.0940e+01    9.8951e-02 2.0701e+01 1.0232e-12
   960 2.8942e-02 6.1140e+01    8.4321e-02 2.0985e+01 1.0232e-12
   912 2.4700e-02 6.1420e+01    7.0227e-02 2.1603e+01 1.0800e-12
   864 2.1298e-02 6.0566e+01    5.9707e-02 2.1605e+01 8.5265e-13
   816 1.7835e-02 6.0930e+01    5.0535e-02 2.1504e+01 8.2423e-13
   768 1.5159e-02 5.9763e+01    4.2734e-02 2.1200e+01 7.1054e-13
   720 1.2387e-02 6.0266e+01    3.4605e-02 2.1572e+01 6.8212e-13
   672 1.0195e-02 5.9532e+01    2.8237e-02 2.1494e+01 5.6843e-13
   624 8.5305e-03 5.6965e+01    2.2714e-02 2.1394e+01 5.4001e-13
   576 6.6493e-03 5.7481e+01    1.7784e-02 2.1492e+01 5.4001e-13
   528 5.0358e-03 5.8461e+01    1.3719e-02 2.1459e+01 3.9790e-13
   480 3.8634e-03 5.7252e+01    1.0564e-02 2.0937e+01 3.1264e-13
   432 2.8123e-03 5.7336e+01    7.5981e-03 2.1222e+01 2.7001e-13
   384 2.0218e-03 5.6012e+01    5.2932e-03 2.1395e+01 2.2737e-13
   336 1.3366e-03 5.6760e+01    3.4575e-03 2.1942e+01 1.7053e-13
   288 8.6051e-04 5.5521e+01    2.1639e-03 2.2079e+01 7.1054e-14
   240 5.2412e-04 5.2751e+01    1.2451e-03 2.2205e+01 4.2633e-14
   192 2.6472e-04 5.3475e+01    6.3917e-04 2.2147e+01 2.8422e-14
   144 1.1929e-04 5.0063e+01    2.8079e-04 2.1269e+01 2.8422e-14
    96 4.2126e-05 4.2004e+01    9.3330e-05 1.8959e+01 1.0658e-14
    48 1.2103e-05 1.8275e+01    1.3165e-05 1.6801e+01 5.3291e-15
];

% Maximum difference between reference and your implementation: 2.160050e-12.
