% number of repeats:% 3
% enter first, last, inc:% 48 1488 48 
data = [
%  n          reference      |         current implementation 
%        time       GFLOPS   |    time       GFLOPS     diff 
  1488 1.0564e-01 6.2374e+01    3.1384e-01 2.0996e+01 2.1600e-12
  1440 9.6462e-02 6.1910e+01    2.3277e-01 2.5657e+01 2.1032e-12
  1392 8.6450e-02 6.2400e+01    2.2143e-01 2.4362e+01 1.9327e-12
  1344 7.8311e-02 6.2002e+01    1.9055e-01 2.5482e+01 1.8190e-12
  1296 6.9094e-02 6.3010e+01    1.8037e-01 2.4137e+01 1.8190e-12
  1248 6.2462e-02 6.2238e+01    1.5108e-01 2.5732e+01 1.6485e-12
  1200 5.6801e-02 6.0844e+01    1.4488e-01 2.3854e+01 1.5348e-12
  1152 4.9580e-02 6.1670e+01    1.1697e-01 2.6141e+01 1.3642e-12
  1104 4.4028e-02 6.1123e+01    1.1323e-01 2.3766e+01 1.2506e-12
  1056 3.8556e-02 6.1084e+01    9.0954e-02 2.5894e+01 1.1937e-12
  1008 3.3152e-02 6.1788e+01    8.2005e-02 2.4979e+01 1.0232e-12
   960 2.8686e-02 6.1684e+01    6.7792e-02 2.6102e+01 1.0232e-12
   912 2.5053e-02 6.0556e+01    6.2554e-02 2.4253e+01 1.0800e-12
   864 2.1223e-02 6.0780e+01    4.8187e-02 2.6769e+01 8.5265e-13
   816 1.7848e-02 6.0886e+01    4.4645e-02 2.4340e+01 8.2423e-13
   768 1.5118e-02 5.9925e+01    3.4265e-02 2.6440e+01 7.1054e-13
   720 1.2480e-02 5.9816e+01    3.0903e-02 2.4156e+01 6.8212e-13
   672 1.0154e-02 5.9774e+01    2.2015e-02 2.7569e+01 5.6843e-13
   624 8.3019e-03 5.8534e+01    1.7870e-02 2.7194e+01 5.4001e-13
   576 6.5349e-03 5.8487e+01    1.4079e-02 2.7148e+01 5.4001e-13
   528 5.0151e-03 5.8701e+01    1.0628e-02 2.7701e+01 3.9790e-13
   480 3.9176e-03 5.6459e+01    7.8555e-03 2.8157e+01 3.1264e-13
   432 2.8259e-03 5.7059e+01    5.6975e-03 2.8300e+01 2.7001e-13
   384 2.0100e-03 5.6342e+01    3.9122e-03 2.8947e+01 2.2737e-13
   336 1.3072e-03 5.8036e+01    2.4526e-03 3.0933e+01 1.7053e-13
   288 8.7368e-04 5.4683e+01    1.5041e-03 3.1764e+01 7.1054e-14
   240 5.5419e-04 4.9889e+01    8.1847e-04 3.3780e+01 4.2633e-14
   192 2.6886e-04 5.2652e+01    4.1711e-04 3.3938e+01 2.8422e-14
   144 1.1737e-04 5.0883e+01    1.8303e-04 3.2629e+01 2.8422e-14
    96 4.1980e-05 4.2150e+01    5.2986e-05 3.3395e+01 1.0658e-14
    48 1.2160e-05 1.8189e+01    6.7280e-06 3.2875e+01 5.3291e-15
];

% Maximum difference between reference and your implementation: 2.160050e-12.
