% number of repeats:% 3
% enter first, last, inc:% 48 1488 48 
data = [
%  n          reference      |         current implementation 
%        time       GFLOPS   |    time       GFLOPS     diff 
  1488 1.0441e-01 6.3107e+01    3.4388e-01 1.9161e+01 2.1600e-12
  1440 9.5301e-02 6.2665e+01    2.6119e-01 2.2864e+01 2.1032e-12
  1392 8.7672e-02 6.1530e+01    2.3632e-01 2.2827e+01 1.9327e-12
  1344 7.9189e-02 6.1315e+01    2.1104e-01 2.3008e+01 1.8190e-12
  1296 6.9884e-02 6.2297e+01    1.8989e-01 2.2927e+01 1.8190e-12
  1248 6.2340e-02 6.2360e+01    1.6839e-01 2.3087e+01 1.6485e-12
  1200 5.6780e-02 6.0867e+01    1.5052e-01 2.2961e+01 1.5348e-12
  1152 4.9988e-02 6.1168e+01    1.3258e-01 2.3062e+01 1.3642e-12
  1104 4.3587e-02 6.1742e+01    1.1791e-01 2.2823e+01 1.2506e-12
  1056 3.7822e-02 6.2270e+01    1.0085e-01 2.3352e+01 1.1937e-12
  1008 3.3156e-02 6.1781e+01    8.8762e-02 2.3077e+01 1.0232e-12
   960 2.8790e-02 6.1461e+01    7.6404e-02 2.3159e+01 1.0232e-12
   912 2.5083e-02 6.0483e+01    6.6849e-02 2.2694e+01 1.0800e-12
   864 2.1183e-02 6.0896e+01    5.4472e-02 2.3681e+01 8.5265e-13
   816 1.7852e-02 6.0870e+01    4.6427e-02 2.3406e+01 8.2423e-13
   768 1.5450e-02 5.8637e+01    3.9637e-02 2.2857e+01 7.1054e-13
   720 1.2412e-02 6.0142e+01    3.2581e-02 2.2912e+01 6.8212e-13
   672 1.0235e-02 5.9297e+01    2.4666e-02 2.4606e+01 5.6843e-13
   624 8.3366e-03 5.8290e+01    1.8050e-02 2.6922e+01 5.4001e-13
   576 6.5638e-03 5.8229e+01    1.4805e-02 2.5816e+01 5.4001e-13
   528 5.2222e-03 5.6374e+01    1.0907e-02 2.6991e+01 3.9790e-13
   480 4.0001e-03 5.5295e+01    8.0144e-03 2.7598e+01 3.1264e-13
   432 2.8508e-03 5.6561e+01    5.6087e-03 2.8749e+01 2.7001e-13
   384 1.9833e-03 5.7100e+01    3.8702e-03 2.9261e+01 2.2737e-13
   336 1.2716e-03 5.9662e+01    2.4797e-03 3.0595e+01 1.7053e-13
   288 8.1825e-04 5.8387e+01    1.4723e-03 3.2451e+01 7.1054e-14
   240 5.2826e-04 5.2338e+01    8.1219e-04 3.4041e+01 4.2633e-14
   192 2.6416e-04 5.3588e+01    4.2924e-04 3.2979e+01 2.8422e-14
   144 1.1878e-04 5.0278e+01    1.8253e-04 3.2717e+01 2.8422e-14
    96 4.2011e-05 4.2119e+01    5.3062e-05 3.3347e+01 1.0658e-14
    48 1.2170e-05 1.8175e+01    6.7290e-06 3.2870e+01 5.3291e-15
];

% Maximum difference between reference and your implementation: 2.160050e-12.
