% number of repeats:% 3
% enter first, last, inc:% 48 1488 48 
data = [
%  n          reference      |         current implementation 
%        time       GFLOPS   |    time       GFLOPS     diff 
  1488 1.0403e-01 6.3340e+01    3.1014e-01 2.1246e+01 2.1600e-12
  1440 9.7123e-02 6.1489e+01    2.3025e-01 2.5937e+01 2.1032e-12
  1392 8.7508e-02 6.1646e+01    2.2667e-01 2.3798e+01 1.9327e-12
  1344 7.8817e-02 6.1604e+01    1.8772e-01 2.5865e+01 1.8190e-12
  1296 6.9935e-02 6.2251e+01    1.8017e-01 2.4164e+01 1.8190e-12
  1248 6.3589e-02 6.1135e+01    1.5169e-01 2.5628e+01 1.6485e-12
  1200 5.5675e-02 6.2075e+01    1.4531e-01 2.3784e+01 1.5348e-12
  1152 5.0652e-02 6.0365e+01    1.1748e-01 2.6028e+01 1.3642e-12
  1104 4.4173e-02 6.0922e+01    1.1087e-01 2.4273e+01 1.2506e-12
  1056 3.8529e-02 6.1127e+01    8.9903e-02 2.6197e+01 1.1937e-12
  1008 3.2855e-02 6.2346e+01    8.0070e-02 2.5583e+01 1.0232e-12
   960 2.9155e-02 6.0693e+01    6.7050e-02 2.6390e+01 1.0232e-12
   912 2.5000e-02 6.0685e+01    6.3801e-02 2.3779e+01 1.0800e-12
   864 2.1274e-02 6.0634e+01    4.9135e-02 2.6253e+01 8.5265e-13
   816 1.8191e-02 5.9735e+01    4.5435e-02 2.3917e+01 8.2423e-13
   768 1.5367e-02 5.8957e+01    3.4539e-02 2.6230e+01 7.1054e-13
   720 1.2533e-02 5.9564e+01    3.0897e-02 2.4160e+01 6.8212e-13
   672 1.0230e-02 5.9327e+01    2.2285e-02 2.7235e+01 5.6843e-13
   624 8.2950e-03 5.8583e+01    1.7887e-02 2.7168e+01 5.4001e-13
   576 6.5872e-03 5.8022e+01    1.4123e-02 2.7062e+01 5.4001e-13
   528 5.2294e-03 5.6296e+01    1.0614e-02 2.7737e+01 3.9790e-13
   480 3.8870e-03 5.6904e+01    7.8914e-03 2.8028e+01 3.1264e-13
   432 2.7890e-03 5.7815e+01    5.7983e-03 2.7809e+01 2.7001e-13
   384 1.9085e-03 5.9337e+01    3.9488e-03 2.8679e+01 2.2737e-13
   336 1.2690e-03 5.9782e+01    2.4154e-03 3.1410e+01 1.7053e-13
   288 8.4513e-04 5.6531e+01    1.5449e-03 3.0925e+01 7.1054e-14
   240 5.4145e-04 5.1063e+01    8.1167e-04 3.4063e+01 4.2633e-14
   192 2.6666e-04 5.3086e+01    4.3449e-04 3.2580e+01 2.8422e-14
   144 1.1961e-04 4.9927e+01    1.8155e-04 3.2895e+01 2.8422e-14
    96 4.1928e-05 4.2203e+01    5.2922e-05 3.3435e+01 1.0658e-14
    48 1.2035e-05 1.8378e+01    6.7240e-06 3.2895e+01 5.3291e-15
];

% Maximum difference between reference and your implementation: 2.160050e-12.
