% number of repeats:% 3
% enter first, last, inc:% 48 1488 48 
data = [
%  n          reference      |         current implementation 
%        time       GFLOPS   |    time       GFLOPS     diff 
  1488 1.0586e-01 6.2246e+01    3.5176e-01 1.8732e+01 2.1600e-12
  1440 1.0727e-01 5.5672e+01    2.3448e-01 2.5469e+01 2.1032e-12
  1392 8.9824e-02 6.0056e+01    2.0187e-01 2.6722e+01 1.9327e-12
  1344 7.7165e-02 6.2923e+01    1.7939e-01 2.7067e+01 1.8190e-12
  1296 6.9037e-02 6.3061e+01    1.5630e-01 2.7853e+01 1.8190e-12
  1248 6.1791e-02 6.2914e+01    1.4152e-01 2.7469e+01 1.6485e-12
  1200 5.4993e-02 6.2844e+01    1.2731e-01 2.7146e+01 1.5348e-12
  1152 5.1018e-02 5.9932e+01    1.1734e-01 2.6058e+01 1.3642e-12
  1104 4.3792e-02 6.1452e+01    9.9599e-02 2.7020e+01 1.2506e-12
  1056 3.7664e-02 6.2531e+01    8.5439e-02 2.7565e+01 1.1937e-12
  1008 3.2894e-02 6.2271e+01    7.2368e-02 2.8305e+01 1.0232e-12
   960 2.8744e-02 6.1559e+01    6.2138e-02 2.8477e+01 1.0232e-12
   912 2.5033e-02 6.0603e+01    5.6484e-02 2.6859e+01 1.0800e-12
   864 2.1126e-02 6.1059e+01    4.6721e-02 2.7609e+01 8.5265e-13
   816 1.8166e-02 5.9818e+01    3.9951e-02 2.7200e+01 8.2423e-13
   768 1.5247e-02 5.9419e+01    3.2939e-02 2.7504e+01 7.1054e-13
   720 1.2539e-02 5.9533e+01    2.5802e-02 2.8931e+01 6.8212e-13
   672 1.0220e-02 5.9384e+01    2.1109e-02 2.8752e+01 5.6843e-13
   624 8.3214e-03 5.8396e+01    1.7033e-02 2.8529e+01 5.4001e-13
   576 6.7380e-03 5.6724e+01    1.3420e-02 2.8481e+01 5.4001e-13
   528 5.1515e-03 5.7148e+01    9.9632e-03 2.9548e+01 3.9790e-13
   480 3.8787e-03 5.7026e+01    7.4419e-03 2.9721e+01 3.1264e-13
   432 2.8912e-03 5.5770e+01    5.5201e-03 2.9210e+01 2.7001e-13
   384 2.0639e-03 5.4871e+01    4.0371e-03 2.8051e+01 2.2737e-13
   336 1.5745e-03 4.8184e+01    2.5931e-03 2.9257e+01 1.7053e-13
   288 8.4581e-04 5.6485e+01    1.6284e-03 2.9338e+01 7.1054e-14
   240 5.1902e-04 5.3270e+01    8.6732e-04 3.1877e+01 4.2633e-14
   192 2.6288e-04 5.3848e+01    4.5395e-04 3.1183e+01 2.8422e-14
   144 1.1847e-04 5.0411e+01    2.0173e-04 2.9603e+01 2.8422e-14
    96 4.3118e-05 4.1038e+01    5.9550e-05 2.9714e+01 1.0658e-14
    48 1.2196e-05 1.8136e+01    7.1460e-06 3.0952e+01 5.3291e-15
];

% Maximum difference between reference and your implementation: 2.160050e-12.
