% number of repeats:% 3
% enter first, last, inc:% 48 1488 48 
data = [
%  n          reference      |         current implementation 
%        time       GFLOPS   |    time       GFLOPS     diff 
  1488 1.0585e-01 6.2248e+01    4.6065e-01 1.4304e+01 2.1600e-12
  1440 9.6184e-02 6.2089e+01    3.4611e-01 1.7255e+01 2.1032e-12
  1392 8.8815e-02 6.0738e+01    3.2117e-01 1.6796e+01 1.9327e-12
  1344 7.7835e-02 6.2381e+01    2.8310e-01 1.7151e+01 1.8190e-12
  1296 7.0012e-02 6.2183e+01    2.5864e-01 1.6832e+01 1.8190e-12
  1248 6.2779e-02 6.1924e+01    2.2245e-01 1.7476e+01 1.6485e-12
  1200 5.5516e-02 6.2253e+01    2.0418e-01 1.6926e+01 1.5348e-12
  1152 4.9336e-02 6.1976e+01    1.7739e-01 1.7237e+01 1.3642e-12
  1104 4.4486e-02 6.0495e+01    1.6144e-01 1.6670e+01 1.2506e-12
  1056 3.8474e-02 6.1215e+01    1.3402e-01 1.7574e+01 1.1937e-12
  1008 3.2866e-02 6.2325e+01    1.1896e-01 1.7219e+01 1.0232e-12
   960 2.8846e-02 6.1342e+01    1.0240e-01 1.7280e+01 1.0232e-12
   912 2.5262e-02 6.0054e+01    9.0601e-02 1.6745e+01 1.0800e-12
   864 2.1916e-02 5.8858e+01    7.6105e-02 1.6950e+01 8.5265e-13
   816 1.8476e-02 5.8817e+01    6.4922e-02 1.6738e+01 8.2423e-13
   768 1.5434e-02 5.8699e+01    5.4357e-02 1.6667e+01 7.1054e-13
   720 1.2444e-02 5.9987e+01    4.4835e-02 1.6650e+01 6.8212e-13
   672 1.0295e-02 5.8952e+01    3.4918e-02 1.7382e+01 5.6843e-13
   624 8.4171e-03 5.7733e+01    2.8736e-02 1.6911e+01 5.4001e-13
   576 6.6600e-03 5.7389e+01    2.1926e-02 1.7432e+01 5.4001e-13
   528 5.1212e-03 5.7486e+01    1.6738e-02 1.7588e+01 3.9790e-13
   480 3.9048e-03 5.6644e+01    1.2343e-02 1.7920e+01 3.1264e-13
   432 2.8200e-03 5.7178e+01    8.7783e-03 1.8368e+01 2.7001e-13
   384 2.0123e-03 5.6277e+01    6.2047e-03 1.8252e+01 2.2737e-13
   336 1.3926e-03 5.4478e+01    3.9825e-03 1.9050e+01 1.7053e-13
   288 8.1415e-04 5.8682e+01    2.4755e-03 1.9300e+01 7.1054e-14
   240 5.1865e-04 5.3308e+01    1.4017e-03 1.9725e+01 4.2633e-14
   192 2.7803e-04 5.0914e+01    7.1228e-04 1.9874e+01 2.8422e-14
   144 1.1898e-04 5.0193e+01    3.2332e-04 1.8471e+01 2.8422e-14
    96 4.1953e-05 4.2177e+01    9.7319e-05 1.8182e+01 1.0658e-14
    48 1.2124e-05 1.8243e+01    1.1556e-05 1.9140e+01 5.3291e-15
];

% Maximum difference between reference and your implementation: 2.160050e-12.
