% number of repeats:% 3
% enter first, last, inc:% 48 1488 48 
data = [
%  n          reference      |         current implementation 
%        time       GFLOPS   |    time       GFLOPS     diff 
  1488 1.0636e-01 6.1951e+01    4.6416e-01 1.4196e+01 2.1600e-12
  1440 9.4393e-02 6.3267e+01    3.4535e-01 1.7293e+01 2.1032e-12
  1392 8.7824e-02 6.1423e+01    3.2863e-01 1.6415e+01 1.9327e-12
  1344 7.9068e-02 6.1408e+01    2.8831e-01 1.6841e+01 1.8190e-12
  1296 7.0306e-02 6.1923e+01    2.6587e-01 1.6375e+01 1.8190e-12
  1248 6.3592e-02 6.1132e+01    2.2265e-01 1.7460e+01 1.6485e-12
  1200 5.6787e-02 6.0859e+01    2.1490e-01 1.6082e+01 1.5348e-12
  1152 5.0776e-02 6.0218e+01    1.7827e-01 1.7152e+01 1.3642e-12
  1104 4.2767e-02 6.2926e+01    1.6296e-01 1.6515e+01 1.2506e-12
  1056 3.8398e-02 6.1336e+01    1.3488e-01 1.7461e+01 1.1937e-12
  1008 3.3020e-02 6.2034e+01    1.2037e-01 1.7017e+01 1.0232e-12
   960 2.9095e-02 6.0817e+01    1.0246e-01 1.7269e+01 1.0232e-12
   912 2.6303e-02 5.7677e+01    8.9443e-02 1.6962e+01 1.0800e-12
   864 2.1102e-02 6.1129e+01    7.4185e-02 1.7388e+01 8.5265e-13
   816 1.8141e-02 5.9901e+01    6.4081e-02 1.6958e+01 8.2423e-13
   768 1.5158e-02 5.9767e+01    5.2039e-02 1.7409e+01 7.1054e-13
   720 1.2704e-02 5.8763e+01    4.3826e-02 1.7033e+01 6.8212e-13
   672 1.0143e-02 5.9839e+01    3.3887e-02 1.7910e+01 5.6843e-13
   624 8.3115e-03 5.8466e+01    2.7687e-02 1.7551e+01 5.4001e-13
   576 6.6090e-03 5.7831e+01    2.1209e-02 1.8021e+01 5.4001e-13
   528 4.9593e-03 5.9363e+01    1.6078e-02 1.8311e+01 3.9790e-13
   480 3.8545e-03 5.7383e+01    1.2098e-02 1.8282e+01 3.1264e-13
   432 2.8663e-03 5.6255e+01    8.6740e-03 1.8589e+01 2.7001e-13
   384 2.0458e-03 5.5356e+01    6.2907e-03 1.8002e+01 2.2737e-13
   336 1.3085e-03 5.7980e+01    3.9257e-03 1.9325e+01 1.7053e-13
   288 8.4089e-04 5.6816e+01    2.5476e-03 1.8753e+01 7.1054e-14
   240 5.7489e-04 4.8093e+01    1.3835e-03 1.9984e+01 4.2633e-14
   192 2.6684e-04 5.3049e+01    7.0695e-04 2.0024e+01 2.8422e-14
   144 1.3988e-04 4.2694e+01    2.8531e-04 2.0931e+01 2.8422e-14
    96 4.1784e-05 4.2348e+01    9.6934e-05 1.8254e+01 1.0658e-14
    48 1.2070e-05 1.8325e+01    1.1432e-05 1.9348e+01 5.3291e-15
];

% Maximum difference between reference and your implementation: 2.160050e-12.
