% number of repeats:% 3
% enter first, last, inc:% 48 1488 48 
data = [
%  n          reference      |         current implementation 
%        time       GFLOPS   |    time       GFLOPS     diff 
  1488 1.2030e-01 5.4773e+01    4.3325e-01 1.5209e+01 2.1600e-12
  1440 9.6129e-02 6.2125e+01    3.3296e-01 1.7936e+01 2.1032e-12
  1392 8.7414e-02 6.1711e+01    2.9103e-01 1.8536e+01 1.9327e-12
  1344 7.8604e-02 6.1771e+01    2.7584e-01 1.7603e+01 1.8190e-12
  1296 7.0223e-02 6.1996e+01    2.3389e-01 1.8614e+01 1.8190e-12
  1248 6.3164e-02 6.1546e+01    2.1112e-01 1.8414e+01 1.6485e-12
  1200 5.6639e-02 6.1019e+01    1.8967e-01 1.8221e+01 1.5348e-12
  1152 4.9221e-02 6.2121e+01    1.7627e-01 1.7347e+01 1.3642e-12
  1104 4.3681e-02 6.1609e+01    1.4408e-01 1.8679e+01 1.2506e-12
  1056 3.7946e-02 6.2066e+01    1.2814e-01 1.8379e+01 1.1937e-12
  1008 3.3195e-02 6.1708e+01    1.0684e-01 1.9173e+01 1.0232e-12
   960 2.9265e-02 6.0464e+01    9.5060e-02 1.8614e+01 1.0232e-12
   912 2.5048e-02 6.0567e+01    8.1523e-02 1.8609e+01 1.0800e-12
   864 2.1249e-02 6.0705e+01    6.8842e-02 1.8738e+01 8.5265e-13
   816 1.8163e-02 5.9829e+01    5.7899e-02 1.8769e+01 8.2423e-13
   768 1.5319e-02 5.9139e+01    5.0913e-02 1.7795e+01 7.1054e-13
   720 1.2564e-02 5.9416e+01    3.8607e-02 1.9336e+01 6.8212e-13
   672 1.0180e-02 5.9622e+01    3.1579e-02 1.9219e+01 5.6843e-13
   624 8.2624e-03 5.8814e+01    2.5368e-02 1.9156e+01 5.4001e-13
   576 6.7730e-03 5.6431e+01    2.0317e-02 1.8813e+01 5.4001e-13
   528 5.0629e-03 5.8148e+01    1.4878e-02 1.9788e+01 3.9790e-13
   480 3.8851e-03 5.6931e+01    1.1259e-02 1.9645e+01 3.1264e-13
   432 2.9918e-03 5.3895e+01    8.2049e-03 1.9652e+01 2.7001e-13
   384 2.1009e-03 5.3903e+01    6.0780e-03 1.8632e+01 2.2737e-13
   336 1.3886e-03 5.4636e+01    3.7702e-03 2.0122e+01 1.7053e-13
   288 8.6988e-04 5.4922e+01    2.3029e-03 2.0746e+01 7.1054e-14
   240 5.1750e-04 5.3426e+01    1.2943e-03 2.1362e+01 4.2633e-14
   192 2.6868e-04 5.2687e+01    6.7229e-04 2.1056e+01 2.8422e-14
   144 1.2014e-04 4.9707e+01    2.9875e-04 1.9990e+01 2.8422e-14
    96 4.1979e-05 4.2151e+01    9.1951e-05 1.9244e+01 1.0658e-14
    48 1.2181e-05 1.8158e+01    1.1479e-05 1.9269e+01 5.3291e-15
];

% Maximum difference between reference and your implementation: 2.160050e-12.
