% Number of threads = 2

% number of repeats:% 3
% enter first, last, inc:% 48 1488 48 
data = [
%  n          reference      |         current implementation 
%        time       GFLOPS   |    time       GFLOPS     diff 
  1488 1.0488e-01 6.2828e+01    2.2828e+01 2.8865e-01 2.1600e-12
  1440 9.5308e-02 6.2660e+01    1.8623e+01 3.2067e-01 2.1032e-12
  1392 8.7154e-02 6.1895e+01    1.8175e+01 2.9681e-01 1.9327e-12
  1344 7.7079e-02 6.2993e+01    1.5617e+01 3.1091e-01 1.8190e-12
  1296 3.5464e-02 1.2276e+02    1.4527e+01 2.9968e-01 1.8758e-12
  1248 3.2920e-02 1.1809e+02    9.4963e+00 4.0937e-01 1.5916e-12
  1200 5.5910e-02 6.1814e+01    1.0157e+01 3.4027e-01 1.5348e-12
  1152 5.0168e-02 6.0948e+01    1.0573e+01 2.8919e-01 1.4211e-12
  1104 4.3957e-02 6.1222e+01    8.5849e+00 3.1347e-01 1.3074e-12
  1056 3.8177e-02 6.1690e+01    7.5807e+00 3.1068e-01 1.1937e-12
  1008 3.3422e-02 6.1289e+01    4.8073e+00 4.2610e-01 1.0232e-12
   960 2.8665e-02 6.1729e+01    4.8829e+00 3.6238e-01 9.9476e-13
   912 2.5689e-02 5.9057e+01    5.2734e-01 2.8769e+00 1.0800e-12
   864 1.0833e-02 1.1908e+02    9.6225e-01 1.3405e+00 8.5265e-13
   816 1.8114e-02 5.9989e+01    1.2750e+00 8.5232e-01 7.9581e-13
   768 8.0043e-03 1.1319e+02    7.4289e-01 1.2195e+00 7.3896e-13
   720 1.2421e-02 6.0099e+01    5.7264e-01 1.3036e+00 6.8212e-13
   672 1.0284e-02 5.9019e+01    3.0711e-01 1.9762e+00 5.9686e-13
   624 8.5149e-03 5.7069e+01    2.4651e-01 1.9713e+00 5.4001e-13
   576 6.6215e-03 5.7722e+01    1.9174e-01 1.9934e+00 5.4001e-13
   528 5.2497e-03 5.6078e+01    1.4454e-01 2.0368e+00 3.9790e-13
   480 3.8701e-03 5.7152e+01    1.0911e-01 2.0271e+00 3.1264e-13
   432 2.8486e-03 5.6605e+01    7.7770e-02 2.0733e+00 2.7001e-13
   384 1.9230e-03 5.8890e+01    5.5993e-02 2.0225e+00 2.2737e-13
   336 1.3111e-03 5.7866e+01    3.4929e-02 2.1720e+00 1.7053e-13
   288 8.0929e-04 5.9034e+01    2.1287e-02 2.2444e+00 8.5265e-14
   240 5.2637e-04 5.2526e+01    1.0864e-02 2.5450e+00 4.2633e-14
   192 2.7370e-04 5.1721e+01    6.2458e-03 2.2665e+00 3.5527e-14
   144 1.3242e-04 4.5100e+01    2.0156e-03 2.9629e+00 2.8422e-14
    96 5.1919e-05 3.4081e+01    6.0601e-04 2.9199e+00 1.4211e-14
    48 1.8671e-05 1.1846e+01    9.5117e-05 2.3254e+00 7.1054e-15
];

% Maximum difference between reference and your implementation: 2.160050e-12.
