% Number of threads = 1

% number of repeats:% 3
% enter first, last, inc:% 48 1968 48 
data = [
%  n          reference      |         current implementation 
%        time       GFLOPS   |    time       GFLOPS     diff 
  1968 2.4702e-01 6.1711e+01    4.9022e-01 3.1097e+01 3.0127e-12
  1920 2.3002e-01 6.1543e+01    4.3440e-01 3.2587e+01 2.9559e-12
  1872 2.1126e-01 6.2105e+01    4.1182e-01 3.1860e+01 2.7285e-12
  1824 1.9615e-01 6.1874e+01    3.8676e-01 3.1381e+01 2.7285e-12
  1776 2.7001e-01 4.1494e+01    3.7808e-01 2.9633e+01 2.6148e-12
  1728 1.8496e-01 5.5794e+01    3.6050e-01 2.8626e+01 2.6716e-12
  1680 1.5816e-01 5.9958e+01    3.0333e-01 3.1264e+01 2.4443e-12
  1632 1.4124e-01 6.1551e+01    2.7255e-01 3.1896e+01 2.5011e-12
  1584 1.2907e-01 6.1586e+01    2.5294e-01 3.1425e+01 2.2169e-12
  1536 1.2621e-01 5.7427e+01    2.2620e-01 3.2041e+01 2.2169e-12
  1488 1.0580e-01 6.2279e+01    2.0447e-01 3.2226e+01 2.1600e-12
  1440 9.6643e-02 6.1794e+01    1.8049e-01 3.3087e+01 1.9895e-12
  1392 8.6391e-02 6.2442e+01    1.6470e-01 3.2753e+01 1.8758e-12
  1344 7.8138e-02 6.2139e+01    1.4863e-01 3.2667e+01 1.8190e-12
  1296 7.0520e-02 6.1735e+01    1.3515e-01 3.2212e+01 1.7621e-12
  1248 6.3446e-02 6.1273e+01    1.1696e-01 3.3239e+01 1.5916e-12
  1200 5.6606e-02 6.1053e+01    1.0527e-01 3.2831e+01 1.6485e-12
  1152 5.0176e-02 6.0938e+01    9.4375e-02 3.2399e+01 1.5348e-12
  1104 4.4268e-02 6.0792e+01    8.3362e-02 3.2283e+01 1.2506e-12
  1056 3.7944e-02 6.2069e+01    7.2873e-02 3.2319e+01 1.1937e-12
  1008 3.3288e-02 6.1535e+01    6.2736e-02 3.2651e+01 1.1937e-12
   960 2.8665e-02 6.1730e+01    5.3985e-02 3.2777e+01 1.1084e-12
   912 2.5005e-02 6.0673e+01    4.6215e-02 3.2827e+01 9.3792e-13
   864 2.1296e-02 6.0573e+01    3.9383e-02 3.2754e+01 8.8107e-13
   816 1.7950e-02 6.0540e+01    3.3790e-02 3.2160e+01 7.6739e-13
   768 1.9887e-02 4.5556e+01    2.7790e-02 3.2600e+01 7.9581e-13
   720 1.2578e-02 5.9349e+01    2.2909e-02 3.2585e+01 6.5370e-13
   672 1.0111e-02 6.0025e+01    1.8500e-02 3.2807e+01 6.5370e-13
   624 8.2714e-03 5.8749e+01    1.5163e-02 3.2048e+01 5.6843e-13
   576 6.7695e-03 5.6460e+01    1.2073e-02 3.1657e+01 5.4001e-13
   528 5.0522e-03 5.8271e+01    9.5954e-03 3.0681e+01 3.9790e-13
   480 3.9172e-03 5.6464e+01    7.0285e-03 3.1470e+01 2.9843e-13
   432 2.8186e-03 5.7208e+01    4.9827e-03 3.2361e+01 2.7001e-13
   384 2.1744e-03 5.2083e+01    3.7030e-03 3.0582e+01 2.1316e-13
   336 1.4444e-03 5.2524e+01    2.4115e-03 3.1460e+01 1.7053e-13
   288 8.2850e-04 5.7665e+01    1.4544e-03 3.2849e+01 5.6843e-14
   240 4.9577e-04 5.5768e+01    8.3007e-04 3.3308e+01 4.2633e-14
   192 2.5965e-04 5.4519e+01    4.2697e-04 3.3154e+01 2.8422e-14
   144 1.1659e-04 5.1223e+01    1.9967e-04 2.9909e+01 2.8422e-14
    96 4.1533e-05 4.2604e+01    6.2331e-05 2.8388e+01 1.0658e-14
    48 1.1990e-05 1.8447e+01    9.1170e-06 2.4261e+01 5.3291e-15
];

% Maximum difference between reference and your implementation: 3.012701e-12.
