% Number of threads = 2

% number of repeats:% 3
% enter first, last, inc:% 48 1968 48 
data = [
%  n          reference      |         current implementation 
%        time       GFLOPS   |    time       GFLOPS     diff 
  1968 2.1928e-01 6.9519e+01    5.5302e-01 2.7565e+01 3.0127e-12
  1920 2.2267e-01 6.3572e+01    5.1740e-01 2.7359e+01 2.9559e-12
  1872 2.0607e-01 6.3671e+01    4.5391e-01 2.8905e+01 2.7285e-12
  1824 1.9081e-01 6.3607e+01    4.4242e-01 2.7433e+01 2.7285e-12
  1776 1.7626e-01 6.3562e+01    4.0264e-01 2.7826e+01 2.6148e-12
  1728 1.6229e-01 6.3586e+01    3.8733e-01 2.6643e+01 2.6716e-12
  1680 7.5548e-02 1.2553e+02    1.3609e-01 6.9684e+01 2.4443e-12
  1632 1.3730e-01 6.3316e+01    3.1835e-01 2.7308e+01 2.5011e-12
  1584 1.2590e-01 6.3137e+01    2.9617e-01 2.6838e+01 2.2169e-12
  1536 1.1801e-01 6.1418e+01    2.7589e-01 2.6271e+01 2.2169e-12
  1488 5.4137e-02 1.2172e+02    9.5092e-02 6.9294e+01 2.1600e-12
  1440 5.0630e-02 1.1795e+02    2.2998e-01 2.5967e+01 1.9895e-12
  1392 4.7247e-02 1.1418e+02    1.9950e-01 2.7040e+01 1.8758e-12
  1344 7.6206e-02 6.3715e+01    1.7510e-01 2.7729e+01 1.8190e-12
  1296 6.9946e-02 6.2242e+01    2.1974e-01 1.9812e+01 1.7621e-12
  1248 6.1520e-02 6.3191e+01    1.3394e-01 2.9025e+01 1.5916e-12
  1200 5.5654e-02 6.2098e+01    1.1879e-01 2.9093e+01 1.6485e-12
  1152 4.9463e-02 6.1817e+01    1.0601e-01 2.8843e+01 1.5348e-12
  1104 4.3569e-02 6.1767e+01    9.6251e-02 2.7960e+01 1.2506e-12
  1056 3.7805e-02 6.2298e+01    8.3349e-02 2.8257e+01 1.1937e-12
  1008 3.3348e-02 6.1425e+01    7.2623e-02 2.8206e+01 1.1937e-12
   960 2.8283e-02 6.2564e+01    6.3576e-02 2.7832e+01 1.1084e-12
   912 2.4576e-02 6.1732e+01    5.5563e-02 2.7304e+01 9.3792e-13
   864 2.0519e-02 6.2867e+01    4.9058e-02 2.6294e+01 8.8107e-13
   816 1.7716e-02 6.1337e+01    3.8954e-02 2.7896e+01 7.6739e-13
   768 1.4548e-02 6.2275e+01    3.4064e-02 2.6596e+01 7.9581e-13
   720 1.2382e-02 6.0289e+01    2.7129e-02 2.7516e+01 6.5370e-13
   672 9.8656e-03 6.1520e+01    2.2931e-02 2.6468e+01 6.5370e-13
   624 8.1829e-03 5.9385e+01    1.5968e-02 3.0433e+01 5.6843e-13
   576 6.4490e-03 5.9266e+01    1.1632e-02 3.2859e+01 5.4001e-13
   528 5.0713e-03 5.8052e+01    8.9187e-03 3.3009e+01 3.9790e-13
   480 3.7245e-03 5.9386e+01    6.6080e-03 3.3472e+01 2.9843e-13
   432 2.8149e-03 5.7281e+01    4.7443e-03 3.3987e+01 2.7001e-13
   384 1.9704e-03 5.7475e+01    3.6167e-03 3.1312e+01 2.1316e-13
   336 1.3575e-03 5.5888e+01    2.3067e-03 3.2889e+01 1.7053e-13
   288 8.3060e-04 5.7519e+01    1.4168e-03 3.3722e+01 5.6843e-14
   240 5.3289e-04 5.1883e+01    8.2453e-04 3.3532e+01 4.2633e-14
   192 2.8290e-04 5.0038e+01    4.6198e-04 3.0641e+01 2.8422e-14
   144 1.3612e-04 4.3872e+01    1.9655e-04 3.0384e+01 2.8422e-14
    96 5.1416e-05 3.4415e+01    6.2029e-05 2.8527e+01 1.0658e-14
    48 1.8323e-05 1.2071e+01    1.1470e-05 1.9284e+01 5.3291e-15
];

% Maximum difference between reference and your implementation: 3.012701e-12.
