% Number of threads = 2

% number of repeats:% 3
% enter first, last, inc:% 48 1488 48 
data = [
%  n          reference      |         current implementation 
%        time       GFLOPS   |    time       GFLOPS     diff 
  1488 5.3289e-02 1.2365e+02    1.5662e+00 4.2071e+00 2.1600e-12
  1440 9.3601e-02 6.3803e+01    1.3999e+00 4.2660e+00 2.1032e-12
  1392 8.7490e-02 6.1658e+01    1.2396e+00 4.3517e+00 1.9327e-12
  1344 7.7009e-02 6.3050e+01    1.0125e+00 4.7955e+00 1.8190e-12
  1296 6.9322e-02 6.2802e+01    9.1190e-01 4.7741e+00 1.8758e-12
  1248 6.1540e-02 6.3171e+01    7.3506e-01 5.2887e+00 1.5916e-12
  1200 5.5478e-02 6.2295e+01    6.2375e-01 5.5407e+00 1.5348e-12
  1152 4.9804e-02 6.1394e+01    5.5185e-01 5.5408e+00 1.4211e-12
  1104 2.2384e-02 1.2023e+02    2.9648e-01 9.0771e+00 1.3074e-12
  1056 1.9253e-02 1.2233e+02    2.6569e-01 8.8644e+00 1.1937e-12
  1008 3.2525e-02 6.2979e+01    3.3662e-01 6.0851e+00 1.0232e-12
   960 2.8594e-02 6.1882e+01    2.9282e-01 6.0429e+00 9.9476e-13
   912 2.4731e-02 6.1344e+01    2.4324e-01 6.2371e+00 1.0800e-12
   864 2.0848e-02 6.1873e+01    2.0719e-01 6.2258e+00 8.5265e-13
   816 1.8186e-02 5.9755e+01    1.8085e-01 6.0087e+00 7.9581e-13
   768 1.4636e-02 6.1899e+01    1.4598e-01 6.2063e+00 7.3896e-13
   720 1.2375e-02 6.0322e+01    1.1943e-01 6.2505e+00 6.8212e-13
   672 1.0128e-02 5.9927e+01    9.2172e-02 6.5847e+00 5.9686e-13
   624 8.2050e-03 5.9225e+01    7.3031e-02 6.6539e+00 5.4001e-13
   576 6.6458e-03 5.7511e+01    5.7883e-02 6.6031e+00 5.4001e-13
   528 5.3365e-03 5.5167e+01    4.3913e-02 6.7040e+00 3.9790e-13
   480 3.7652e-03 5.8744e+01    3.2150e-02 6.8797e+00 3.1264e-13
   432 2.8588e-03 5.6403e+01    2.3375e-02 6.8980e+00 2.7001e-13
   384 2.0177e-03 5.6127e+01    1.6871e-02 6.7126e+00 2.2737e-13
   336 1.3308e-03 5.7010e+01    1.0394e-02 7.2987e+00 1.7053e-13
   288 8.3276e-04 5.7371e+01    6.5716e-03 7.2700e+00 8.5265e-14
   240 5.3561e-04 5.1620e+01    3.8166e-03 7.2441e+00 4.2633e-14
   192 2.8388e-04 4.9866e+01    1.9311e-03 7.3303e+00 3.5527e-14
   144 1.3247e-04 4.5081e+01    7.9531e-04 7.5090e+00 2.8422e-14
    96 4.9881e-05 3.5474e+01    2.4562e-04 7.2041e+00 1.4211e-14
    48 1.8660e-05 1.1853e+01    3.1623e-05 6.9944e+00 7.1054e-15
];

% Maximum difference between reference and your implementation: 2.160050e-12.
