% Number of threads = 2

% number of repeats:% 3
% enter first, last, inc:% 48 1488 48 
data = [
%  n          reference      |         current implementation 
%        time       GFLOPS   |    time       GFLOPS     diff 
  1488 1.0644e-01 6.1907e+01    2.1306e-01 3.0928e+01 2.1600e-12
  1440 9.3682e-02 6.3748e+01    1.8917e-01 3.1570e+01 2.1032e-12
  1392 8.5082e-02 6.3403e+01    1.7125e-01 3.1500e+01 1.9327e-12
  1344 7.6349e-02 6.3595e+01    1.5484e-01 3.1357e+01 1.8190e-12
  1296 6.8846e-02 6.3236e+01    1.3903e-01 3.1314e+01 1.8190e-12
  1248 6.2497e-02 6.2204e+01    1.2572e-01 3.0923e+01 1.6485e-12
  1200 5.5238e-02 6.2565e+01    1.1275e-01 3.0651e+01 1.5348e-12
  1152 4.9172e-02 6.2182e+01    1.0027e-01 3.0494e+01 1.3642e-12
  1104 4.3240e-02 6.2237e+01    8.9534e-02 3.0057e+01 1.2506e-12
  1056 3.7663e-02 6.2532e+01    7.5035e-02 3.1388e+01 1.1937e-12
  1008 3.2474e-02 6.3078e+01    6.5832e-02 3.1115e+01 1.0232e-12
   960 2.8169e-02 6.2817e+01    5.8264e-02 3.0370e+01 1.0232e-12
   912 2.5010e-02 6.0659e+01    5.0492e-02 3.0046e+01 1.0800e-12
   864 2.1003e-02 6.1416e+01    4.2452e-02 3.0386e+01 8.5265e-13
   816 1.8263e-02 5.9502e+01    3.6462e-02 2.9803e+01 8.2423e-13
   768 1.4933e-02 6.0671e+01    3.0654e-02 2.9554e+01 7.1054e-13
   720 1.2647e-02 5.9025e+01    2.7698e-02 2.6951e+01 6.8212e-13
   672 9.9389e-03 6.1066e+01    2.0511e-02 2.9590e+01 5.6843e-13
   624 8.2092e-03 5.9195e+01    1.5656e-02 3.1039e+01 5.4001e-13
   576 6.4853e-03 5.8934e+01    1.2520e-02 3.0528e+01 5.4001e-13
   528 4.9399e-03 5.9596e+01    9.8892e-03 2.9769e+01 3.9790e-13
   480 3.6832e-03 6.0052e+01    7.6658e-03 2.8854e+01 3.1264e-13
   432 2.8207e-03 5.7164e+01    5.4233e-03 2.9732e+01 2.7001e-13
   384 1.9304e-03 5.8664e+01    3.9858e-03 2.8413e+01 2.2737e-13
   336 1.3490e-03 5.6237e+01    2.7426e-03 2.7662e+01 1.7053e-13
   288 8.4766e-04 5.6362e+01    1.7163e-03 2.7836e+01 7.1054e-14
   240 5.1780e-04 5.3396e+01    1.0919e-03 2.5321e+01 4.2633e-14
   192 2.7502e-04 5.1471e+01    5.3640e-04 2.6390e+01 2.8422e-14
   144 1.3162e-04 4.5371e+01    2.4280e-04 2.4596e+01 2.8422e-14
    96 5.0375e-05 3.5126e+01    9.3467e-05 1.8932e+01 1.0658e-14
    48 1.7607e-05 1.2562e+01    2.5648e-05 8.6238e+00 5.3291e-15
];

% Maximum difference between reference and your implementation: 2.160050e-12.
