% Number of threads = 2

% number of repeats:% 3
% enter first, last, inc:% 48 1968 48 
data = [
%  n          reference      |         current implementation 
%        time       GFLOPS   |    time       GFLOPS     diff 
  1968 2.3973e-01 6.3588e+01    4.3420e-01 3.5108e+01 3.0127e-12
  1920 2.2509e-01 6.2889e+01    4.0030e-01 3.5362e+01 2.9559e-12
  1872 2.0610e-01 6.3659e+01    3.7147e-01 3.5321e+01 2.7285e-12
  1824 1.8998e-01 6.3884e+01    3.4481e-01 3.5198e+01 2.7285e-12
  1776 8.9127e-02 1.2570e+02    2.6463e-01 4.2338e+01 2.6148e-12
  1728 1.6085e-01 6.4155e+01    2.9110e-01 3.5450e+01 2.6716e-12
  1680 7.6362e-02 1.2419e+02    1.9359e-01 4.8986e+01 2.4443e-12
  1632 1.2940e-01 6.7182e+01    2.4522e-01 3.5452e+01 2.5011e-12
  1584 1.2899e-01 6.1623e+01    2.2535e-01 3.5273e+01 2.2169e-12
  1536 1.2248e-01 5.9175e+01    2.0938e-01 3.4615e+01 2.2169e-12
  1488 1.0696e-01 6.1605e+01    1.8867e-01 3.4924e+01 2.1600e-12
  1440 9.4399e-02 6.3263e+01    1.7022e-01 3.5083e+01 1.9895e-12
  1392 8.6149e-02 6.2618e+01    1.5485e-01 3.4836e+01 1.8758e-12
  1344 7.6957e-02 6.3092e+01    1.3890e-01 3.4957e+01 1.8190e-12
  1296 7.0430e-02 6.1814e+01    1.2362e-01 3.5216e+01 1.7621e-12
  1248 6.2889e-02 6.1816e+01    1.1052e-01 3.5175e+01 1.5916e-12
  1200 2.8968e-02 1.1930e+02    9.9824e-02 3.4621e+01 1.6485e-12
  1152 4.9741e-02 6.1471e+01    8.8039e-02 3.4731e+01 1.5348e-12
  1104 4.3816e-02 6.1419e+01    7.7629e-02 3.4667e+01 1.2506e-12
  1056 3.7878e-02 6.2178e+01    6.7520e-02 3.4881e+01 1.1937e-12
  1008 3.3077e-02 6.1928e+01    5.9483e-02 3.4436e+01 1.1937e-12
   960 2.8517e-02 6.2049e+01    5.1057e-02 3.4657e+01 1.1084e-12
   912 2.4700e-02 6.1422e+01    4.4533e-02 3.4067e+01 9.3792e-13
   864 2.0736e-02 6.2208e+01    3.8030e-02 3.3919e+01 8.8107e-13
   816 1.7588e-02 6.1785e+01    3.2245e-02 3.3701e+01 7.6739e-13
   768 7.6317e-03 1.1871e+02    1.5390e-02 5.8869e+01 7.9581e-13
   720 6.5123e-03 1.1463e+02    1.4064e-02 5.3077e+01 6.5370e-13
   672 5.2141e-03 1.1640e+02    1.1236e-02 5.4018e+01 6.5370e-13
   624 4.3600e-03 1.1146e+02    8.8202e-03 5.5094e+01 5.6843e-13
   576 3.3914e-03 1.1270e+02    6.9247e-03 5.5194e+01 5.4001e-13
   528 2.6290e-03 1.1198e+02    5.1132e-03 5.7576e+01 3.9790e-13
   480 1.9491e-03 1.1348e+02    3.7378e-03 5.9175e+01 2.9843e-13
   432 1.5329e-03 1.0519e+02    2.9743e-03 5.4212e+01 2.7001e-13
   384 1.0363e-03 1.0928e+02    2.0134e-03 5.6246e+01 2.1316e-13
   336 7.4358e-04 1.0203e+02    1.3881e-03 5.4656e+01 1.7053e-13
   288 5.4324e-04 8.7946e+01    9.2986e-04 5.1380e+01 5.6843e-14
   240 2.9288e-04 9.4402e+01    5.1127e-04 5.4077e+01 4.2633e-14
   192 1.6029e-04 8.8312e+01    2.7891e-04 5.0753e+01 2.8422e-14
   144 7.6572e-05 7.7992e+01    1.3099e-04 4.5591e+01 2.8422e-14
    96 3.4692e-05 5.1005e+01    6.0839e-05 2.9085e+01 1.0658e-14
    48 1.7349e-05 1.2749e+01    1.0462e-05 2.1142e+01 5.3291e-15
];

% Maximum difference between reference and your implementation: 3.012701e-12.
