% Number of threads = 2

% number of repeats:% 3
% enter first, last, inc:% 48 1488 48 
data = [
%  n          reference      |         current implementation 
%        time       GFLOPS   |    time       GFLOPS     diff 
  1488 5.3378e-02 1.2344e+02    2.0320e+00 3.2428e+00 2.1600e-12
  1440 9.4533e-02 6.3173e+01    1.8130e+00 3.2940e+00 2.1032e-12
  1392 8.5759e-02 6.2903e+01    1.5193e+00 3.5506e+00 1.9327e-12
  1344 7.7575e-02 6.2590e+01    1.2977e+00 3.7417e+00 1.8190e-12
  1296 6.9267e-02 6.2852e+01    1.1535e+00 3.7741e+00 1.8758e-12
  1248 3.2160e-02 1.2088e+02    9.9446e-01 3.9092e+00 1.5916e-12
  1200 5.5585e-02 6.2175e+01    8.5535e-01 4.0404e+00 1.5348e-12
  1152 2.5379e-02 1.2048e+02    7.1822e-01 4.2572e+00 1.4211e-12
  1104 4.3701e-02 6.1581e+01    5.8750e-01 4.5807e+00 1.3074e-12
  1056 3.7882e-02 6.2171e+01    5.0958e-01 4.6218e+00 1.1937e-12
  1008 3.3345e-02 6.1431e+01    4.2588e-01 4.8098e+00 1.0232e-12
   960 1.5495e-02 1.1419e+02    3.5674e-01 4.9601e+00 9.9476e-13
   912 2.5098e-02 6.0447e+01    2.9533e-01 5.1369e+00 1.0800e-12
   864 2.1165e-02 6.0947e+01    2.5831e-01 4.9937e+00 8.5265e-13
   816 1.8206e-02 5.9688e+01    2.0327e-01 5.3459e+00 7.9581e-13
   768 7.8713e-03 1.1510e+02    1.8044e-01 5.0210e+00 7.3896e-13
   720 1.2374e-02 6.0329e+01    1.3911e-01 5.3661e+00 6.8212e-13
   672 5.4764e-03 1.1083e+02    1.1964e-01 5.0728e+00 5.9686e-13
   624 8.3711e-03 5.8050e+01    9.6057e-02 5.0589e+00 5.4001e-13
   576 6.4556e-03 5.9205e+01    7.5978e-02 5.0305e+00 5.4001e-13
   528 5.1070e-03 5.7646e+01    5.8014e-02 5.0745e+00 3.9790e-13
   480 3.6902e-03 5.9939e+01    4.3905e-02 5.0378e+00 3.1264e-13
   432 2.7814e-03 5.7973e+01    3.0622e-02 5.2655e+00 2.7001e-13
   384 1.9618e-03 5.7727e+01    2.1037e-02 5.3832e+00 2.2737e-13
   336 1.3431e-03 5.6486e+01    1.3005e-02 5.8337e+00 1.7053e-13
   288 8.3202e-04 5.7421e+01    7.8390e-03 6.0946e+00 8.5265e-14
   240 5.2197e-04 5.2969e+01    4.4542e-03 6.2072e+00 4.2633e-14
   192 2.7601e-04 5.1288e+01    2.2943e-03 6.1699e+00 3.5527e-14
   144 1.3404e-04 4.4555e+01    9.5990e-04 6.2214e+00 2.8422e-14
    96 5.0439e-05 3.5081e+01    3.7116e-04 4.7674e+00 1.4211e-14
    48 1.8510e-05 1.1949e+01    5.7714e-05 3.8324e+00 7.1054e-15
];

% Maximum difference between reference and your implementation: 2.160050e-12.
