% Number of threads = 1

% number of repeats:% 3
% enter first, last, inc:% 48 1488 48 
data = [
%  n          reference      |         current implementation 
%        time       GFLOPS   |    time       GFLOPS     diff 
  1488 1.0986e-01 5.9978e+01    1.1420e+01 5.7702e-01 2.1600e-12
  1440 9.6631e-02 6.1802e+01    8.4831e+00 7.0399e-01 2.1032e-12
  1392 9.0987e-02 5.9288e+01    5.2600e+00 1.0256e+00 1.9327e-12
  1344 7.6957e-02 6.3093e+01    7.0871e+00 6.8510e-01 1.8190e-12
  1296 6.9351e-02 6.2776e+01    4.5987e+00 9.4669e-01 1.8758e-12
  1248 6.1819e-02 6.2886e+01    5.2355e+00 7.4254e-01 1.5916e-12
  1200 5.5604e-02 6.2153e+01    3.0907e+00 1.1182e+00 1.5348e-12
  1152 4.9804e-02 6.1393e+01    5.3252e+00 5.7418e-01 1.4211e-12
  1104 4.3140e-02 6.2381e+01    1.9881e+00 1.3536e+00 1.3074e-12
  1056 3.8006e-02 6.1968e+01    2.6010e+00 9.0549e-01 1.1937e-12
  1008 3.3290e-02 6.1532e+01    1.4309e+00 1.4315e+00 1.0232e-12
   960 2.8939e-02 6.1145e+01    1.2640e+00 1.3999e+00 9.9476e-13
   912 3.1529e-02 4.8118e+01    1.2758e+00 1.1891e+00 1.0800e-12
   864 2.2026e-02 5.8565e+01    8.9701e-01 1.4380e+00 8.5265e-13
   816 1.7979e-02 6.0443e+01    7.4414e-01 1.4603e+00 7.9581e-13
   768 1.5442e-02 5.8671e+01    1.4947e+00 6.0614e-01 7.3896e-13
   720 1.2553e-02 5.9469e+01    5.1002e-01 1.4637e+00 6.8212e-13
   672 1.0280e-02 5.9039e+01    4.1539e-01 1.4611e+00 5.9686e-13
   624 8.3796e-03 5.7991e+01    3.3484e-01 1.4513e+00 5.4001e-13
   576 6.7997e-03 5.6210e+01    2.6204e-01 1.4586e+00 5.4001e-13
   528 5.1378e-03 5.7300e+01    2.0262e-01 1.4530e+00 3.9790e-13
   480 3.8470e-03 5.7495e+01    1.5005e-01 1.4741e+00 3.1264e-13
   432 2.8439e-03 5.6698e+01    1.0829e-01 1.4889e+00 2.7001e-13
   384 2.0074e-03 5.6414e+01    7.5849e-02 1.4930e+00 2.2737e-13
   336 1.3171e-03 5.7600e+01    4.9648e-02 1.5281e+00 1.7053e-13
   288 8.3728e-04 5.7061e+01    3.1030e-02 1.5397e+00 8.5265e-14
   240 5.1195e-04 5.4005e+01    1.7601e-02 1.5708e+00 4.2633e-14
   192 2.6580e-04 5.3257e+01    8.9796e-03 1.5764e+00 3.5527e-14
   144 1.1988e-04 4.9816e+01    3.4982e-03 1.7071e+00 2.8422e-14
    96 4.2008e-05 4.2122e+01    1.0044e-03 1.7617e+00 1.4211e-14
    48 2.1615e-05 1.0233e+01    1.2415e-04 1.7815e+00 7.1054e-15
];

% Maximum difference between reference and your implementation: 2.160050e-12.
