% Number of threads = 1

% number of repeats:% 3
% enter first, last, inc:% 48 1968 48 
data = [
%  n          reference      |         current implementation 
%        time       GFLOPS   |    time       GFLOPS     diff 
  1968 2.4684e-01 6.1757e+01    4.2582e-01 3.5799e+01 3.0127e-12
  1920 2.2980e-01 6.1602e+01    4.0127e-01 3.5278e+01 2.9559e-12
  1872 2.1270e-01 6.1684e+01    3.7060e-01 3.5403e+01 2.7285e-12
  1824 1.9438e-01 6.2440e+01    3.4256e-01 3.5429e+01 2.7285e-12
  1776 1.7898e-01 6.2596e+01    3.1136e-01 3.5983e+01 2.6148e-12
  1728 1.6268e-01 6.3433e+01    2.8676e-01 3.5987e+01 2.6716e-12
  1680 1.5319e-01 6.1904e+01    2.6542e-01 3.5729e+01 2.4443e-12
  1632 1.4454e-01 6.0145e+01    2.4714e-01 3.5177e+01 2.5011e-12
  1584 1.2815e-01 6.2029e+01    2.2358e-01 3.5551e+01 2.2169e-12
  1536 1.2238e-01 5.9223e+01    2.0724e-01 3.4972e+01 2.2169e-12
  1488 1.0748e-01 6.1305e+01    1.9044e-01 3.4600e+01 2.1600e-12
  1440 1.0320e-01 5.7870e+01    1.6766e-01 3.5620e+01 1.9895e-12
  1392 8.6596e-02 6.2295e+01    1.5299e-01 3.5259e+01 1.8758e-12
  1344 7.9602e-02 6.0996e+01    1.3662e-01 3.5539e+01 1.8190e-12
  1296 6.9609e-02 6.2543e+01    1.2335e-01 3.5293e+01 1.7621e-12
  1248 6.3148e-02 6.1562e+01    1.1237e-01 3.4596e+01 1.5916e-12
  1200 5.5771e-02 6.1967e+01    9.9761e-02 3.4643e+01 1.6485e-12
  1152 5.2074e-02 5.8718e+01    8.8841e-02 3.4417e+01 1.5348e-12
  1104 4.5112e-02 5.9655e+01    7.7221e-02 3.4850e+01 1.2506e-12
  1056 3.8607e-02 6.1004e+01    6.7224e-02 3.5035e+01 1.1937e-12
  1008 3.3076e-02 6.1930e+01    5.9042e-02 3.4694e+01 1.1937e-12
   960 2.9036e-02 6.0940e+01    5.0455e-02 3.5070e+01 1.1084e-12
   912 2.5379e-02 5.9777e+01    4.4161e-02 3.4354e+01 9.3792e-13
   864 2.1829e-02 5.9094e+01    3.8174e-02 3.3791e+01 8.8107e-13
   816 1.9017e-02 5.7143e+01    3.2035e-02 3.3922e+01 7.6739e-13
   768 1.5460e-02 5.8601e+01    2.6398e-02 3.4320e+01 7.9581e-13
   720 1.2933e-02 5.7718e+01    2.2032e-02 3.3882e+01 6.5370e-13
   672 1.0367e-02 5.8542e+01    1.8401e-02 3.2984e+01 6.5370e-13
   624 1.3899e-02 3.4962e+01    2.3721e-02 2.0486e+01 5.6843e-13
   576 1.1014e-02 3.4703e+01    1.8682e-02 2.0458e+01 5.4001e-13
   528 8.4363e-03 3.4896e+01    1.4558e-02 2.0222e+01 3.9790e-13
   480 6.5061e-03 3.3996e+01    1.0977e-02 2.0150e+01 2.9843e-13
   432 4.8499e-03 3.3247e+01    8.2413e-03 1.9565e+01 2.7001e-13
   384 3.5094e-03 3.2270e+01    6.5827e-03 1.7204e+01 2.1316e-13
   336 2.3677e-03 3.2042e+01    3.8754e-03 1.9576e+01 1.7053e-13
   288 1.5205e-03 3.1420e+01    2.6662e-03 1.7919e+01 5.6843e-14
   240 9.6637e-04 2.8610e+01    1.5801e-03 1.7498e+01 4.2633e-14
   192 4.4667e-04 3.1692e+01    6.8740e-04 2.0593e+01 2.8422e-14
   144 2.1125e-04 2.8270e+01    3.2744e-04 1.8239e+01 2.8422e-14
    96 7.9472e-05 2.2265e+01    9.6996e-05 1.8243e+01 1.0658e-14
    48 2.1597e-05 1.0241e+01    1.4434e-05 1.5324e+01 5.3291e-15
];

% Maximum difference between reference and your implementation: 3.012701e-12.
