% number of repeats:% 3
% enter first, last, inc:% 48 1488 48 
data = [
%  n          reference      |         current implementation 
%        time       GFLOPS   |    time       GFLOPS     diff 
  1488 1.0679e-01 6.1704e+01    4.2070e+00 1.5663e+00 2.1600e-12
  1440 9.7335e-02 6.1355e+01    3.0332e+00 1.9689e+00 2.1032e-12
  1392 8.6673e-02 6.2239e+01    2.9006e+00 1.8598e+00 1.9327e-12
  1344 7.8035e-02 6.2221e+01    1.9734e+00 2.4605e+00 1.8190e-12
  1296 7.8144e-02 5.5712e+01    1.7536e+00 2.4826e+00 1.8190e-12
  1248 6.1928e-02 6.2775e+01    1.1287e+00 3.4442e+00 1.6485e-12
  1200 5.6659e-02 6.0997e+01    8.2400e-01 4.1942e+00 1.5348e-12
  1152 5.2796e-02 5.7914e+01    9.4874e-01 3.2228e+00 1.3642e-12
  1104 4.4029e-02 6.1122e+01    6.0590e-01 4.4416e+00 1.2506e-12
  1056 3.8258e-02 6.1559e+01    5.2557e-01 4.4812e+00 1.1937e-12
  1008 3.2927e-02 6.2209e+01    4.2168e-01 4.8577e+00 1.0232e-12
   960 2.9434e-02 6.0116e+01    3.9664e-01 4.4611e+00 1.0232e-12
   912 2.5025e-02 6.0624e+01    2.9851e-01 5.0822e+00 1.0800e-12
   864 2.1821e-02 5.9114e+01    2.6363e-01 4.8929e+00 8.5265e-13
   816 1.7976e-02 6.0451e+01    2.2742e-01 4.7782e+00 8.2423e-13
   768 1.5434e-02 5.8700e+01    2.6942e-01 3.3627e+00 7.1054e-13
   720 1.3539e-02 5.5138e+01    1.4142e-01 5.2785e+00 6.8212e-13
   672 1.0340e-02 5.8698e+01    1.1846e-01 5.1235e+00 5.6843e-13
   624 8.4227e-03 5.7695e+01    9.6851e-02 5.0174e+00 5.4001e-13
   576 7.1644e-03 5.3348e+01    7.2569e-02 5.2668e+00 5.4001e-13
   528 5.0895e-03 5.7844e+01    5.9189e-02 4.9738e+00 3.9790e-13
   480 3.8620e-03 5.7271e+01    4.1030e-02 5.3908e+00 3.1264e-13
   432 2.7876e-03 5.7842e+01    3.1713e-02 5.0845e+00 2.7001e-13
   384 2.0215e-03 5.6020e+01    1.5873e-02 7.1343e+00 2.2737e-13
   336 1.2849e-03 5.9045e+01    7.9110e-03 9.5899e+00 1.7053e-13
   288 8.6519e-04 5.5220e+01    4.7512e-03 1.0056e+01 7.1054e-14
   240 5.1253e-04 5.3945e+01    2.5696e-03 1.0760e+01 4.2633e-14
   192 2.7219e-04 5.2006e+01    1.3263e-03 1.0673e+01 2.8422e-14
   144 1.1860e-04 5.0354e+01    5.1963e-04 1.1493e+01 2.8422e-14
    96 4.1955e-05 4.2175e+01    1.6838e-04 1.0509e+01 1.0658e-14
    48 1.2119e-05 1.8251e+01    1.7050e-05 1.2973e+01 5.3291e-15
];

% Maximum difference between reference and your implementation: 2.160050e-12.
