% number of repeats:% 3
% enter first, last, inc:% 48 1488 48 
data = [
%  n          reference      |         current implementation 
%        time       GFLOPS   |    time       GFLOPS     diff 
  1488 1.1306e-01 5.8281e+01    1.8342e+00 3.5925e+00 2.1600e-12
  1440 9.7157e-02 6.1467e+01    1.5492e+00 3.8550e+00 2.1032e-12
  1392 8.7001e-02 6.2005e+01    1.3701e+00 3.9373e+00 1.9327e-12
  1344 7.8338e-02 6.1980e+01    1.2020e+00 4.0396e+00 1.8190e-12
  1296 7.0191e-02 6.2024e+01    1.0958e+00 3.9731e+00 1.8190e-12
  1248 6.2547e-02 6.2153e+01    9.8587e-01 3.9433e+00 1.6485e-12
  1200 5.7102e-02 6.0523e+01    8.6077e-01 4.0150e+00 1.5348e-12
  1152 4.9391e-02 6.1907e+01    4.4039e-01 6.9431e+00 1.3642e-12
  1104 4.4319e-02 6.0722e+01    5.2068e-01 5.1686e+00 1.2506e-12
  1056 3.7615e-02 6.2612e+01    2.2950e-01 1.0262e+01 1.1937e-12
  1008 3.3647e-02 6.0879e+01    1.9861e-01 1.0314e+01 1.0232e-12
   960 2.9127e-02 6.0751e+01    1.8392e-01 9.6207e+00 1.0232e-12
   912 2.6383e-02 5.7503e+01    1.1984e-01 1.2659e+01 1.0800e-12
   864 2.1615e-02 5.9679e+01    9.8940e-02 1.3038e+01 8.5265e-13
   816 1.7959e-02 6.0507e+01    7.8364e-02 1.3867e+01 8.2423e-13
   768 1.5538e-02 5.8308e+01    7.0668e-02 1.2820e+01 7.1054e-13
   720 1.2633e-02 5.9089e+01    5.2491e-02 1.4221e+01 6.8212e-13
   672 1.0364e-02 5.8562e+01    4.4445e-02 1.3656e+01 5.6843e-13
   624 8.5220e-03 5.7022e+01    3.3648e-02 1.4442e+01 5.4001e-13
   576 6.7696e-03 5.6459e+01    2.6940e-02 1.4187e+01 5.4001e-13
   528 5.0563e-03 5.8224e+01    2.0492e-02 1.4366e+01 3.9790e-13
   480 3.8814e-03 5.6985e+01    1.5439e-02 1.4327e+01 3.1264e-13
   432 2.8390e-03 5.6795e+01    1.1016e-02 1.4637e+01 2.7001e-13
   384 1.9747e-03 5.7349e+01    7.3440e-03 1.5420e+01 2.2737e-13
   336 1.2575e-03 6.0332e+01    4.2533e-03 1.7837e+01 1.7053e-13
   288 8.1893e-04 5.8339e+01    1.8009e-03 2.6529e+01 7.1054e-14
   240 5.0523e-04 5.4723e+01    9.3891e-04 2.9447e+01 4.2633e-14
   192 2.7027e-04 5.2376e+01    4.7059e-04 3.0081e+01 2.8422e-14
   144 1.1789e-04 5.0658e+01    1.7783e-04 3.3583e+01 2.8422e-14
    96 4.1844e-05 4.2287e+01    5.4383e-05 3.2537e+01 1.0658e-14
    48 1.2101e-05 1.8278e+01    7.0760e-06 3.1258e+01 5.3291e-15
];

% Maximum difference between reference and your implementation: 2.160050e-12.
