% number of repeats:% 3
% enter first, last, inc:% 48 1488 48 
data = [
%  n          reference      |         current implementation 
%        time       GFLOPS   |    time       GFLOPS     diff 
  1488 1.0660e-01 6.1815e+01    1.7170e+00 3.8377e+00 2.1600e-12
  1440 9.4124e-02 6.3448e+01    1.3327e+00 4.4810e+00 2.1032e-12
  1392 8.6835e-02 6.2123e+01    1.1553e+00 4.6693e+00 1.9327e-12
  1344 7.7655e-02 6.2526e+01    1.0722e+00 4.5284e+00 1.8190e-12
  1296 7.0678e-02 6.1597e+01    9.0929e-01 4.7879e+00 1.8190e-12
  1248 6.3631e-02 6.1095e+01    7.4192e-01 5.2398e+00 1.6485e-12
  1200 5.5231e-02 6.2574e+01    6.4794e-01 5.3339e+00 1.5348e-12
  1152 4.9903e-02 6.1272e+01    4.7670e-01 6.4142e+00 1.3642e-12
  1104 4.4477e-02 6.0507e+01    3.0208e-01 8.9088e+00 1.2506e-12
  1056 3.8404e-02 6.1326e+01    3.1665e-01 7.4377e+00 1.1937e-12
  1008 3.2783e-02 6.2483e+01    1.7207e-01 1.1904e+01 1.0232e-12
   960 2.8693e-02 6.1668e+01    1.5662e-01 1.1298e+01 1.0232e-12
   912 2.5097e-02 6.0449e+01    1.1594e-01 1.3085e+01 1.0800e-12
   864 2.1572e-02 5.9798e+01    9.3779e-02 1.3755e+01 8.5265e-13
   816 1.7998e-02 6.0376e+01    7.5214e-02 1.4448e+01 8.2423e-13
   768 1.5366e-02 5.8960e+01    8.2501e-02 1.0981e+01 7.1054e-13
   720 1.2616e-02 5.9173e+01    5.1436e-02 1.4513e+01 6.8212e-13
   672 1.0223e-02 5.9371e+01    4.1226e-02 1.4722e+01 5.6843e-13
   624 8.3625e-03 5.8109e+01    3.2288e-02 1.5050e+01 5.4001e-13
   576 6.6887e-03 5.7142e+01    2.6108e-02 1.4639e+01 5.4001e-13
   528 5.1731e-03 5.6909e+01    1.9670e-02 1.4967e+01 3.9790e-13
   480 3.8936e-03 5.6808e+01    1.4634e-02 1.5114e+01 3.1264e-13
   432 2.7739e-03 5.8129e+01    1.0615e-02 1.5191e+01 2.7001e-13
   384 2.0114e-03 5.6301e+01    7.4219e-03 1.5258e+01 2.2737e-13
   336 1.2734e-03 5.9580e+01    4.4332e-03 1.7113e+01 1.7053e-13
   288 8.4165e-04 5.6765e+01    2.0713e-03 2.3066e+01 7.1054e-14
   240 4.9965e-04 5.5335e+01    1.1729e-03 2.3573e+01 4.2633e-14
   192 2.6992e-04 5.2444e+01    5.9506e-04 2.3789e+01 2.8422e-14
   144 1.1950e-04 4.9976e+01    2.6978e-04 2.2137e+01 2.8422e-14
    96 4.1697e-05 4.2436e+01    8.2008e-05 2.1577e+01 1.0658e-14
    48 1.2197e-05 1.8134e+01    1.0247e-05 2.1585e+01 5.3291e-15
];

% Maximum difference between reference and your implementation: 2.160050e-12.
