% number of repeats:% 3
% enter first, last, inc:% 48 1488 48 
data = [
%  n          reference      |         current implementation 
%        time       GFLOPS   |    time       GFLOPS     diff 
  1488 1.0595e-01 6.2194e+01    2.2544e+00 2.9229e+00 2.1600e-12
  1440 9.7407e-02 6.1309e+01    1.6785e+00 3.5579e+00 2.1032e-12
  1392 8.7662e-02 6.1537e+01    1.5367e+00 3.5104e+00 1.9327e-12
  1344 7.8650e-02 6.1735e+01    1.1634e+00 4.1736e+00 1.8190e-12
  1296 7.0596e-02 6.1669e+01    1.0307e+00 4.2239e+00 1.8758e-12
  1248 6.4005e-02 6.0738e+01    9.0391e-01 4.3008e+00 1.5916e-12
  1200 5.6301e-02 6.1384e+01    7.3026e-01 4.7325e+00 1.5348e-12
  1152 4.9856e-02 6.1330e+01    6.2912e-01 4.8602e+00 1.4211e-12
  1104 4.8568e-02 5.5410e+01    7.0822e-01 3.7999e+00 1.3074e-12
  1056 4.0390e-02 5.8311e+01    5.0443e-01 4.6689e+00 1.1937e-12
  1008 3.2980e-02 6.2109e+01    4.0741e-01 5.0278e+00 1.0232e-12
   960 3.0099e-02 5.8788e+01    3.5057e-01 5.0474e+00 9.9476e-13
   912 2.5660e-02 5.9123e+01    2.9337e-01 5.1713e+00 1.0800e-12
   864 2.1872e-02 5.8977e+01    2.6562e-01 4.8563e+00 8.5265e-13
   816 1.8342e-02 5.9245e+01    2.1242e-01 5.1157e+00 7.9581e-13
   768 1.5358e-02 5.8989e+01    1.9282e-01 4.6984e+00 7.3896e-13
   720 1.2478e-02 5.9825e+01    1.4630e-01 5.1023e+00 6.8212e-13
   672 1.0577e-02 5.7381e+01    1.2173e-01 4.9858e+00 5.9686e-13
   624 8.4313e-03 5.7636e+01    9.4489e-02 5.1428e+00 5.4001e-13
   576 6.8934e-03 5.5445e+01    7.3781e-02 5.1803e+00 5.4001e-13
   528 5.4711e-03 5.3809e+01    5.7668e-02 5.1050e+00 3.9790e-13
   480 3.9320e-03 5.6252e+01    4.2446e-02 5.2109e+00 3.1264e-13
   432 2.9046e-03 5.5513e+01    2.9237e-02 5.5150e+00 2.7001e-13
   384 2.3408e-03 4.8379e+01    1.9583e-02 5.7828e+00 2.2737e-13
   336 1.3756e-03 5.5153e+01    1.1637e-02 6.5192e+00 1.7053e-13
   288 9.3545e-04 5.1072e+01    5.9565e-03 8.0207e+00 8.5265e-14
   240 5.1830e-04 5.3343e+01    3.1206e-03 8.8598e+00 4.2633e-14
   192 2.6866e-04 5.2691e+01    1.5128e-03 9.3574e+00 3.5527e-14
   144 1.2508e-04 4.7746e+01    6.4356e-04 9.2795e+00 2.8422e-14
    96 4.2283e-05 4.1848e+01    2.2276e-04 7.9434e+00 1.4211e-14
    48 1.4301e-05 1.5466e+01    3.0839e-05 7.1722e+00 7.1054e-15
];

% Maximum difference between reference and your implementation: 2.160050e-12.
