% number of repeats:% 3
% enter first, last, inc:% 48 1488 48 
data = [
%  n          reference      |         current implementation 
%        time       GFLOPS   |    time       GFLOPS     diff 
  1488 1.0611e-01 6.2099e+01    1.4027e+00 4.6976e+00 2.1600e-12
  1440 9.6013e-02 6.2199e+01    1.0870e+00 5.4941e+00 2.1032e-12
  1392 8.7598e-02 6.1582e+01    1.0744e+00 5.0208e+00 1.9327e-12
  1344 8.0905e-02 6.0014e+01    8.3584e-01 5.8091e+00 1.8190e-12
  1296 6.9511e-02 6.2631e+01    7.5624e-01 5.7569e+00 1.8758e-12
  1248 6.2932e-02 6.1774e+01    6.8972e-01 5.6364e+00 1.5916e-12
  1200 5.4966e-02 6.2875e+01    5.7537e-01 6.0066e+00 1.5348e-12
  1152 4.9533e-02 6.1729e+01    5.5577e-01 5.5016e+00 1.4211e-12
  1104 4.5330e-02 5.9367e+01    4.7885e-01 5.6200e+00 1.3074e-12
  1056 3.8241e-02 6.1588e+01    3.7438e-01 6.2908e+00 1.1937e-12
  1008 3.3056e-02 6.1966e+01    3.2433e-01 6.3158e+00 1.0232e-12
   960 2.8904e-02 6.1218e+01    2.8406e-01 6.2293e+00 9.9476e-13
   912 2.5349e-02 5.9848e+01    2.3455e-01 6.4682e+00 1.0800e-12
   864 2.1217e-02 6.0798e+01    1.9525e-01 6.6065e+00 8.5265e-13
   816 1.8043e-02 6.0227e+01    1.6507e-01 6.5833e+00 7.9581e-13
   768 1.5539e-02 5.8303e+01    1.6139e-01 5.6134e+00 7.3896e-13
   720 1.2435e-02 6.0030e+01    1.1379e-01 6.5605e+00 6.8212e-13
   672 1.0279e-02 5.9045e+01    9.3570e-02 6.4863e+00 5.9686e-13
   624 8.4241e-03 5.7685e+01    7.2760e-02 6.6787e+00 5.4001e-13
   576 6.6648e-03 5.7347e+01    6.0420e-02 6.3258e+00 5.4001e-13
   528 5.0911e-03 5.7826e+01    4.3460e-02 6.7740e+00 3.9790e-13
   480 3.8877e-03 5.6894e+01    3.2054e-02 6.9004e+00 3.1264e-13
   432 2.9007e-03 5.5587e+01    2.2538e-02 7.1542e+00 2.7001e-13
   384 2.0404e-03 5.5502e+01    1.6264e-02 6.9631e+00 2.2737e-13
   336 1.5588e-03 4.8670e+01    9.9931e-03 7.5918e+00 1.7053e-13
   288 8.3291e-04 5.7360e+01    5.9307e-03 8.0556e+00 8.5265e-14
   240 5.1446e-04 5.3742e+01    3.4536e-03 8.0056e+00 4.2633e-14
   192 2.7256e-04 5.1936e+01    1.6653e-03 8.5002e+00 3.5527e-14
   144 1.1875e-04 5.0289e+01    7.2272e-04 8.2632e+00 2.8422e-14
    96 4.1930e-05 4.2201e+01    2.2599e-04 7.8300e+00 1.4211e-14
    48 1.4117e-05 1.5668e+01    3.3541e-05 6.5944e+00 7.1054e-15
];

% Maximum difference between reference and your implementation: 2.160050e-12.
