% number of repeats:% 3
% enter first, last, inc:% 48 1488 48 
data = [
%  n          reference      |         current implementation 
%        time       GFLOPS   |    time       GFLOPS     diff 
  1488 1.1003e-01 5.9888e+01    1.6029e+00 4.1108e+00 2.1600e-12
  1440 9.7085e-02 6.1513e+01    1.3713e+00 4.3551e+00 2.1032e-12
  1392 8.6919e-02 6.2063e+01    1.1945e+00 4.5159e+00 1.9327e-12
  1344 7.8663e-02 6.1724e+01    1.0619e+00 4.5722e+00 1.8190e-12
  1296 6.9082e-02 6.3020e+01    9.6868e-01 4.4943e+00 1.8190e-12
  1248 6.2745e-02 6.1958e+01    8.5781e-01 4.5319e+00 1.6485e-12
  1200 5.5713e-02 6.2032e+01    7.5039e-01 4.6056e+00 1.5348e-12
  1152 5.1325e-02 5.9574e+01    4.7929e-01 6.3795e+00 1.3642e-12
  1104 4.4349e-02 6.0681e+01    5.7711e-01 4.6631e+00 1.2506e-12
  1056 3.8084e-02 6.1841e+01    4.4078e-01 5.3431e+00 1.1937e-12
  1008 3.3139e-02 6.1812e+01    3.1812e-01 6.4390e+00 1.0232e-12
   960 2.8748e-02 6.1551e+01    1.3621e-01 1.2990e+01 1.0232e-12
   912 2.5360e-02 5.9823e+01    1.0237e-01 1.4820e+01 1.0800e-12
   864 2.1344e-02 6.0437e+01    9.5619e-02 1.3490e+01 8.5265e-13
   816 1.8112e-02 5.9999e+01    7.2171e-02 1.5057e+01 8.2423e-13
   768 1.6263e-02 5.5709e+01    6.2405e-02 1.4518e+01 7.1054e-13
   720 1.2507e-02 5.9689e+01    4.6926e-02 1.5908e+01 6.8212e-13
   672 1.0268e-02 5.9110e+01    3.7953e-02 1.5992e+01 5.6843e-13
   624 8.6822e-03 5.5970e+01    3.0558e-02 1.5902e+01 5.4001e-13
   576 6.7464e-03 5.6653e+01    2.4655e-02 1.5502e+01 5.4001e-13
   528 5.2698e-03 5.5865e+01    1.7771e-02 1.6566e+01 3.9790e-13
   480 3.7936e-03 5.8305e+01    1.3250e-02 1.6693e+01 3.1264e-13
   432 2.8985e-03 5.5629e+01    9.6249e-03 1.6753e+01 2.7001e-13
   384 2.0555e-03 5.5095e+01    6.3999e-03 1.7695e+01 2.2737e-13
   336 1.2983e-03 5.8435e+01    3.6648e-03 2.0701e+01 1.7053e-13
   288 9.4002e-04 5.0824e+01    1.7709e-03 2.6979e+01 7.1054e-14
   240 5.7201e-04 4.8335e+01    8.8458e-04 3.1256e+01 4.2633e-14
   192 2.6580e-04 5.3256e+01    4.1498e-04 3.4112e+01 2.8422e-14
   144 1.1867e-04 5.0323e+01    1.7151e-04 3.4821e+01 2.8422e-14
    96 4.2309e-05 4.1823e+01    5.1984e-05 3.4039e+01 1.0658e-14
    48 1.2178e-05 1.8163e+01    6.7540e-06 3.2749e+01 5.3291e-15
];

% Maximum difference between reference and your implementation: 2.160050e-12.
