% number of repeats:% 3
% enter first, last, inc:% 48 1488 48 
data = [
%  n          reference      |         current implementation 
%        time       GFLOPS   |    time       GFLOPS     diff 
  1488 1.0792e-01 6.1055e+01    1.6824e+00 3.9165e+00 2.1600e-12
  1440 9.6888e-02 6.1638e+01    1.3582e+00 4.3970e+00 2.1032e-12
  1392 9.2643e-02 5.8229e+01    1.1969e+00 4.5068e+00 1.9327e-12
  1344 7.8631e-02 6.1749e+01    1.0720e+00 4.5293e+00 1.8190e-12
  1296 7.0654e-02 6.1618e+01    9.6681e-01 4.5030e+00 1.8758e-12
  1248 6.2504e-02 6.2197e+01    8.3586e-01 4.6509e+00 1.5916e-12
  1200 5.6610e-02 6.1049e+01    7.3993e-01 4.6707e+00 1.5348e-12
  1152 5.0284e-02 6.0808e+01    6.4869e-01 4.7136e+00 1.4211e-12
  1104 7.8178e-02 3.4423e+01    6.2180e-01 4.3280e+00 1.3074e-12
  1056 3.8487e-02 6.1194e+01    5.1053e-01 4.6132e+00 1.1937e-12
  1008 3.2943e-02 6.2180e+01    4.2292e-01 4.8434e+00 1.0232e-12
   960 2.8762e-02 6.1522e+01    3.5083e-01 5.0437e+00 9.9476e-13
   912 2.6320e-02 5.7640e+01    3.0298e-01 5.0073e+00 1.0800e-12
   864 2.1307e-02 6.0540e+01    2.4919e-01 5.1766e+00 8.5265e-13
   816 1.7938e-02 6.0578e+01    2.0958e-01 5.1849e+00 7.9581e-13
   768 1.5173e-02 5.9708e+01    1.8087e-01 5.0090e+00 7.3896e-13
   720 1.2425e-02 6.0081e+01    1.4157e-01 5.2728e+00 6.8212e-13
   672 1.0268e-02 5.9106e+01    1.1422e-01 5.3138e+00 5.9686e-13
   624 8.4962e-03 5.7195e+01    9.0692e-02 5.3581e+00 5.4001e-13
   576 6.6900e-03 5.7131e+01    7.3439e-02 5.2044e+00 5.4001e-13
   528 5.1440e-03 5.7231e+01    5.5433e-02 5.3108e+00 3.9790e-13
   480 3.8465e-03 5.7503e+01    4.1136e-02 5.3770e+00 3.1264e-13
   432 2.8204e-03 5.7170e+01    2.8127e-02 5.7326e+00 2.7001e-13
   384 1.9977e-03 5.6689e+01    2.1355e-02 5.3030e+00 2.2737e-13
   336 1.2963e-03 5.8524e+01    1.2700e-02 5.9737e+00 1.7053e-13
   288 8.4439e-04 5.6580e+01    7.8573e-03 6.0804e+00 8.5265e-14
   240 5.0651e-04 5.4585e+01    4.3427e-03 6.3665e+00 4.2633e-14
   192 2.6499e-04 5.3420e+01    2.1565e-03 6.5643e+00 3.5527e-14
   144 1.1821e-04 5.0521e+01    8.9174e-04 6.6970e+00 2.8422e-14
    96 4.1763e-05 4.2369e+01    2.7598e-04 6.4116e+00 1.4211e-14
    48 1.4202e-05 1.5574e+01    3.6463e-05 6.0660e+00 7.1054e-15
];

% Maximum difference between reference and your implementation: 2.160050e-12.
