% number of repeats:% 3
% enter first, last, inc:% 48 1488 48 
data = [
%  n          reference      |         current implementation 
%        time       GFLOPS   |    time       GFLOPS     diff 
  1488 1.0535e-01 6.2546e+01    1.3373e+00 4.9274e+00 2.1600e-12
  1440 9.8280e-02 6.0765e+01    1.1850e+00 5.0397e+00 2.1032e-12
  1392 8.8097e-02 6.1233e+01    9.4954e-01 5.6812e+00 1.9327e-12
  1344 7.8925e-02 6.1520e+01    9.3576e-01 5.1888e+00 1.8190e-12
  1296 7.2652e-02 5.9924e+01    7.8600e-01 5.5389e+00 1.8190e-12
  1248 6.2317e-02 6.2384e+01    7.3337e-01 5.3009e+00 1.6485e-12
  1200 5.5811e-02 6.1924e+01    5.9927e-01 5.7670e+00 1.5348e-12
  1152 5.0216e-02 6.0890e+01    5.7376e-01 5.3292e+00 1.3642e-12
  1104 4.3993e-02 6.1172e+01    4.2906e-01 6.2722e+00 1.2506e-12
  1056 3.8437e-02 6.1274e+01    3.6562e-01 6.4416e+00 1.1937e-12
  1008 3.2334e-02 6.3351e+01    3.0339e-01 6.7517e+00 1.0232e-12
   960 2.8781e-02 6.1481e+01    2.4562e-01 7.2041e+00 1.0232e-12
   912 2.4860e-02 6.1027e+01    1.4259e-01 1.0640e+01 1.0800e-12
   864 2.1427e-02 6.0202e+01    1.2067e-01 1.0690e+01 8.5265e-13
   816 1.8354e-02 5.9207e+01    8.8173e-02 1.2324e+01 8.2423e-13
   768 1.5068e-02 6.0125e+01    7.4772e-02 1.2116e+01 7.1054e-13
   720 1.2501e-02 5.9715e+01    4.7307e-02 1.5780e+01 6.8212e-13
   672 1.0180e-02 5.9618e+01    3.9277e-02 1.5453e+01 5.6843e-13
   624 8.3959e-03 5.7878e+01    3.0742e-02 1.5807e+01 5.4001e-13
   576 6.7875e-03 5.6310e+01    2.7336e-02 1.3982e+01 5.4001e-13
   528 5.1111e-03 5.7600e+01    1.8351e-02 1.6042e+01 3.9790e-13
   480 3.9371e-03 5.6180e+01    1.4079e-02 1.5711e+01 3.1264e-13
   432 2.8285e-03 5.7006e+01    1.0004e-02 1.6118e+01 2.7001e-13
   384 2.0403e-03 5.5505e+01    7.2480e-03 1.5625e+01 2.2737e-13
   336 1.3073e-03 5.8035e+01    4.3712e-03 1.7356e+01 1.7053e-13
   288 8.3346e-04 5.7322e+01    2.1328e-03 2.2400e+01 7.1054e-14
   240 4.9610e-04 5.5731e+01    1.1618e-03 2.3797e+01 4.2633e-14
   192 2.7023e-04 5.2385e+01    5.7298e-04 2.4705e+01 2.8422e-14
   144 1.1978e-04 4.9857e+01    2.3463e-04 2.5452e+01 2.8422e-14
    96 4.2253e-05 4.1878e+01    7.0757e-05 2.5008e+01 1.0658e-14
    48 1.2191e-05 1.8143e+01    9.0750e-06 2.4373e+01 5.3291e-15
];

% Maximum difference between reference and your implementation: 2.160050e-12.
