% number of repeats:% 3
% enter first, last, inc:% 48 1488 48 
data = [
%  n          reference      |         current implementation 
%        time       GFLOPS   |    time       GFLOPS     diff 
  1488 1.0806e-01 6.0977e+01    3.1566e+00 2.0874e+00 2.1600e-12
  1440 9.7486e-02 6.1260e+01    2.2539e+00 2.6496e+00 2.1032e-12
  1392 8.5865e-02 6.2825e+01    2.0531e+00 2.6274e+00 1.9327e-12
  1344 7.8820e-02 6.1601e+01    1.5660e+00 3.1006e+00 1.8190e-12
  1296 7.2008e-02 6.0459e+01    1.2761e+00 3.4117e+00 1.8190e-12
  1248 6.2818e-02 6.1886e+01    9.8607e-01 3.9424e+00 1.6485e-12
  1200 5.5301e-02 6.2495e+01    7.7960e-01 4.4330e+00 1.5348e-12
  1152 4.9934e-02 6.1234e+01    7.4020e-01 4.1309e+00 1.3642e-12
  1104 4.4009e-02 6.1150e+01    4.6528e-01 5.7840e+00 1.2506e-12
  1056 3.8535e-02 6.1118e+01    4.1325e-01 5.6992e+00 1.1937e-12
  1008 3.2780e-02 6.2488e+01    3.4121e-01 6.0032e+00 1.0232e-12
   960 2.9686e-02 5.9607e+01    3.0660e-01 5.7713e+00 1.0232e-12
   912 2.5522e-02 5.9442e+01    2.5368e-01 5.9803e+00 1.0800e-12
   864 2.1551e-02 5.9856e+01    2.1130e-01 6.1049e+00 8.5265e-13
   816 1.8039e-02 6.0241e+01    1.7012e-01 6.3878e+00 8.2423e-13
   768 1.5267e-02 5.9340e+01    1.8500e-01 4.8971e+00 7.1054e-13
   720 1.2668e-02 5.8926e+01    1.1330e-01 6.5886e+00 6.8212e-13
   672 1.0267e-02 5.9112e+01    9.6914e-02 6.2625e+00 5.6843e-13
   624 8.3783e-03 5.8000e+01    7.6354e-02 6.3643e+00 5.4001e-13
   576 6.7234e-03 5.6847e+01    6.0470e-02 6.3206e+00 5.4001e-13
   528 5.3016e-03 5.5530e+01    4.4919e-02 6.5540e+00 3.9790e-13
   480 3.9050e-03 5.6641e+01    3.3404e-02 6.6215e+00 3.1264e-13
   432 2.8357e-03 5.6862e+01    2.0753e-02 7.7698e+00 2.7001e-13
   384 2.1591e-03 5.2451e+01    1.3194e-02 8.5834e+00 2.2737e-13
   336 1.3585e-03 5.5844e+01    7.6691e-03 9.8924e+00 1.7053e-13
   288 8.2563e-04 5.7866e+01    4.4497e-03 1.0737e+01 7.1054e-14
   240 5.2213e-04 5.2953e+01    2.5773e-03 1.0727e+01 4.2633e-14
   192 2.7503e-04 5.1469e+01    1.3267e-03 1.0670e+01 2.8422e-14
   144 1.2037e-04 4.9611e+01    5.4363e-04 1.0985e+01 2.8422e-14
    96 4.1978e-05 4.2152e+01    1.6931e-04 1.0451e+01 1.0658e-14
    48 1.2061e-05 1.8339e+01    1.7914e-05 1.2347e+01 5.3291e-15
];

% Maximum difference between reference and your implementation: 2.160050e-12.
