% number of repeats:% 3
% enter first, last, inc:% 48 1488 48 
data = [
%  n          reference      |         current implementation 
%        time       GFLOPS   |    time       GFLOPS     diff 
  1488 1.0942e-01 6.0219e+01    1.4346e+00 4.5930e+00 2.1600e-12
  1440 9.6431e-02 6.1930e+01    1.1283e+00 5.2930e+00 2.1032e-12
  1392 8.7105e-02 6.1930e+01    1.0039e+00 5.3734e+00 1.9327e-12
  1344 7.8610e-02 6.1766e+01    9.4364e-01 5.1454e+00 1.8190e-12
  1296 6.9801e-02 6.2371e+01    7.7672e-01 5.6051e+00 1.8758e-12
  1248 6.2601e-02 6.2100e+01    6.9628e-01 5.5833e+00 1.5916e-12
  1200 5.6684e-02 6.0970e+01    5.9963e-01 5.7636e+00 1.5348e-12
  1152 5.3419e-02 5.7239e+01    5.4636e-01 5.5964e+00 1.4211e-12
  1104 4.4527e-02 6.0438e+01    4.6509e-01 5.7863e+00 1.3074e-12
  1056 3.8868e-02 6.0593e+01    3.8113e-01 6.1794e+00 1.1937e-12
  1008 3.3183e-02 6.1731e+01    3.3260e-01 6.1586e+00 1.0232e-12
   960 2.9628e-02 5.9723e+01    2.9251e-01 6.0494e+00 9.9476e-13
   912 2.5396e-02 5.9738e+01    2.4928e-01 6.0859e+00 1.0800e-12
   864 2.1351e-02 6.0416e+01    2.0637e-01 6.2507e+00 8.5265e-13
   816 1.8338e-02 5.9260e+01    1.6994e-01 6.3945e+00 7.9581e-13
   768 1.5450e-02 5.8638e+01    1.7111e-01 5.2948e+00 7.3896e-13
   720 1.3035e-02 5.7268e+01    1.1532e-01 6.4730e+00 6.8212e-13
   672 1.0253e-02 5.9196e+01    9.3605e-02 6.4840e+00 5.9686e-13
   624 8.5251e-03 5.7001e+01    7.5635e-02 6.4248e+00 5.4001e-13
   576 6.6731e-03 5.7275e+01    6.0644e-02 6.3025e+00 5.4001e-13
   528 5.1098e-03 5.7614e+01    4.4491e-02 6.6169e+00 3.9790e-13
   480 3.7911e-03 5.8343e+01    3.4801e-02 6.3558e+00 3.1264e-13
   432 2.7907e-03 5.7779e+01    2.3514e-02 6.8573e+00 2.7001e-13
   384 2.1403e-03 5.2912e+01    1.8912e-02 5.9881e+00 2.2737e-13
   336 1.2985e-03 5.8426e+01    1.0268e-02 7.3888e+00 1.7053e-13
   288 8.2731e-04 5.7748e+01    6.1750e-03 7.7369e+00 8.5265e-14
   240 5.3100e-04 5.2067e+01    3.5401e-03 7.8099e+00 4.2633e-14
   192 2.6787e-04 5.2846e+01    1.7486e-03 8.0957e+00 3.5527e-14
   144 1.1792e-04 5.0645e+01    7.3219e-04 8.1563e+00 2.8422e-14
    96 4.1992e-05 4.2138e+01    2.3619e-04 7.4916e+00 1.4211e-14
    48 1.4186e-05 1.5592e+01    3.1680e-05 6.9818e+00 7.1054e-15
];

% Maximum difference between reference and your implementation: 2.160050e-12.
