% number of repeats:% 3
% enter first, last, inc:% 48 1488 48 
data = [
%  n          reference      |         current implementation 
%        time       GFLOPS   |    time       GFLOPS     diff 
  1488 1.0931e-01 6.0280e+01    1.9501e+00 3.3790e+00 2.1600e-12
  1440 9.6454e-02 6.1915e+01    1.6638e+00 3.5894e+00 2.1032e-12
  1392 8.7481e-02 6.1664e+01    1.4192e+00 3.8012e+00 1.9327e-12
  1344 7.6380e-02 6.3569e+01    1.3886e+00 3.4965e+00 1.8190e-12
  1296 7.3809e-02 5.8984e+01    1.1128e+00 3.9122e+00 1.8190e-12
  1248 6.1810e-02 6.2895e+01    8.8440e-01 4.3957e+00 1.6485e-12
  1200 5.5616e-02 6.2141e+01    7.9178e-01 4.3649e+00 1.5348e-12
  1152 4.9853e-02 6.1333e+01    4.6583e-01 6.5639e+00 1.3642e-12
  1104 4.4012e-02 6.1146e+01    2.8948e-01 9.2964e+00 1.2506e-12
  1056 3.7682e-02 6.2501e+01    1.8718e-01 1.2582e+01 1.1937e-12
  1008 3.3043e-02 6.1991e+01    1.6627e-01 1.2320e+01 1.0232e-12
   960 2.8647e-02 6.1768e+01    1.3094e-01 1.3514e+01 1.0232e-12
   912 2.4825e-02 6.1111e+01    1.0976e-01 1.3822e+01 1.0800e-12
   864 2.1172e-02 6.0926e+01    9.1362e-02 1.4119e+01 8.5265e-13
   816 1.8132e-02 5.9933e+01    7.7125e-02 1.4090e+01 8.2423e-13
   768 1.5214e-02 5.9547e+01    6.7013e-02 1.3519e+01 7.1054e-13
   720 1.2441e-02 6.0001e+01    5.2350e-02 1.4260e+01 6.8212e-13
   672 1.0250e-02 5.9210e+01    4.2125e-02 1.4408e+01 5.6843e-13
   624 8.3937e-03 5.7893e+01    3.4035e-02 1.4278e+01 5.4001e-13
   576 6.6858e-03 5.7167e+01    2.6523e-02 1.4410e+01 5.4001e-13
   528 5.0384e-03 5.8430e+01    2.0862e-02 1.4112e+01 3.9790e-13
   480 3.8525e-03 5.7412e+01    1.5460e-02 1.4307e+01 3.1264e-13
   432 2.8539e-03 5.6498e+01    1.1250e-02 1.4333e+01 2.7001e-13
   384 2.0037e-03 5.6520e+01    7.2328e-03 1.5657e+01 2.2737e-13
   336 1.4039e-03 5.4039e+01    3.7808e-03 2.0066e+01 1.7053e-13
   288 8.4904e-04 5.6271e+01    1.5771e-03 3.0293e+01 7.1054e-14
   240 5.1566e-04 5.3616e+01    8.7663e-04 3.1539e+01 4.2633e-14
   192 2.6557e-04 5.3303e+01    4.2332e-04 3.3440e+01 2.8422e-14
   144 1.1882e-04 5.0259e+01    1.8996e-04 3.1438e+01 2.8422e-14
    96 4.2093e-05 4.2037e+01    5.7992e-05 3.0512e+01 1.0658e-14
    48 1.2133e-05 1.8230e+01    7.5070e-06 2.9464e+01 5.3291e-15
];

% Maximum difference between reference and your implementation: 2.160050e-12.
