% number of repeats:% 3
% enter first, last, inc:% 48 1488 48 
data = [
%  n          reference      |         current implementation 
%        time       GFLOPS   |    time       GFLOPS     diff 
  1488 1.0430e-01 6.3177e+01    3.8084e+00 1.7302e+00 2.1600e-12
  1440 9.5659e-02 6.2429e+01    2.9080e+00 2.0536e+00 2.1032e-12
  1392 8.7856e-02 6.1401e+01    2.1188e+00 2.5459e+00 1.9327e-12
  1344 7.8125e-02 6.2150e+01    1.4220e+00 3.4145e+00 1.8190e-12
  1296 6.9424e-02 6.2710e+01    1.2820e+00 3.3960e+00 1.8190e-12
  1248 6.3537e-02 6.1185e+01    8.3595e-01 4.6504e+00 1.6485e-12
  1200 5.6317e-02 6.1367e+01    7.1318e-01 4.8459e+00 1.5348e-12
  1152 5.0375e-02 6.0698e+01    6.6852e-01 4.5737e+00 1.3642e-12
  1104 4.2943e-02 6.2667e+01    5.0982e-01 5.2786e+00 1.2506e-12
  1056 3.8220e-02 6.1621e+01    4.5052e-01 5.2276e+00 1.1937e-12
  1008 3.3408e-02 6.1314e+01    3.6182e-01 5.6613e+00 1.0232e-12
   960 2.8852e-02 6.1329e+01    3.2558e-01 5.4348e+00 1.0232e-12
   912 2.5327e-02 5.9899e+01    2.7433e-01 5.5303e+00 1.0800e-12
   864 2.1392e-02 6.0300e+01    2.2942e-01 5.6227e+00 8.5265e-13
   816 1.7758e-02 6.1192e+01    1.9270e-01 5.6391e+00 8.2423e-13
   768 1.5322e-02 5.9127e+01    1.8919e-01 4.7887e+00 7.1054e-13
   720 1.2480e-02 5.9818e+01    1.3265e-01 5.6275e+00 6.8212e-13
   672 1.0265e-02 5.9128e+01    1.0669e-01 5.6887e+00 5.6843e-13
   624 8.5984e-03 5.6516e+01    8.7529e-02 5.5518e+00 5.4001e-13
   576 6.7629e-03 5.6515e+01    6.9600e-02 5.4914e+00 5.4001e-13
   528 4.9874e-03 5.9028e+01    5.2813e-02 5.5743e+00 3.9790e-13
   480 3.9102e-03 5.6565e+01    3.9168e-02 5.6470e+00 3.1264e-13
   432 2.9982e-03 5.3780e+01    2.4688e-02 6.5313e+00 2.7001e-13
   384 2.0757e-03 5.4558e+01    1.3855e-02 8.1738e+00 2.2737e-13
   336 1.4209e-03 5.3392e+01    7.1524e-03 1.0607e+01 1.7053e-13
   288 8.3367e-04 5.7308e+01    3.6829e-03 1.2972e+01 7.1054e-14
   240 5.2048e-04 5.3121e+01    1.9318e-03 1.4312e+01 4.2633e-14
   192 2.6689e-04 5.3040e+01    9.1223e-04 1.5518e+01 2.8422e-14
   144 1.2286e-04 4.8606e+01    3.7979e-04 1.5724e+01 2.8422e-14
    96 4.1986e-05 4.2144e+01    1.2556e-04 1.4093e+01 1.0658e-14
    48 1.2841e-05 1.7225e+01    1.3396e-05 1.6511e+01 5.3291e-15
];

% Maximum difference between reference and your implementation: 2.160050e-12.
