% number of repeats:% 3
% enter first, last, inc:% 48 1488 48 
data = [
%  n          reference      |         current implementation 
%        time       GFLOPS   |    time       GFLOPS     diff 
  1488 1.0756e-01 6.1262e+01    2.0931e+00 3.1480e+00 2.1600e-12
  1440 9.5843e-02 6.2310e+01    1.7054e+00 3.5019e+00 2.1032e-12
  1392 8.6814e-02 6.2138e+01    1.5042e+00 3.5864e+00 1.9327e-12
  1344 1.3536e-01 3.5872e+01    1.2757e+00 3.8060e+00 1.8190e-12
  1296 6.9742e-02 6.2424e+01    1.2186e+00 3.5725e+00 1.8190e-12
  1248 6.2321e-02 6.2379e+01    9.9182e-01 3.9196e+00 1.6485e-12
  1200 5.7415e-02 6.0194e+01    8.9338e-01 3.8685e+00 1.5348e-12
  1152 5.0208e-02 6.0900e+01    4.1033e-01 7.4516e+00 1.3642e-12
  1104 4.3919e-02 6.1275e+01    4.5811e-01 5.8745e+00 1.2506e-12
  1056 3.8571e-02 6.1061e+01    2.1409e-01 1.1001e+01 1.1937e-12
  1008 3.3772e-02 6.0654e+01    1.8573e-01 1.1029e+01 1.0232e-12
   960 2.9012e-02 6.0990e+01    1.5313e-01 1.1556e+01 1.0232e-12
   912 2.5168e-02 6.0280e+01    1.1750e-01 1.2912e+01 1.0800e-12
   864 2.1538e-02 5.9891e+01    9.7866e-02 1.3181e+01 8.5265e-13
   816 1.7919e-02 6.0645e+01    7.7543e-02 1.4014e+01 8.2423e-13
   768 1.5504e-02 5.8434e+01    7.5553e-02 1.1991e+01 7.1054e-13
   720 1.2809e-02 5.8277e+01    5.5442e-02 1.3464e+01 6.8212e-13
   672 1.0303e-02 5.8908e+01    4.4318e-02 1.3695e+01 5.6843e-13
   624 8.3536e-03 5.8172e+01    3.5597e-02 1.3651e+01 5.4001e-13
   576 6.7430e-03 5.6682e+01    2.8092e-02 1.3606e+01 5.4001e-13
   528 5.1083e-03 5.7631e+01    2.1329e-02 1.3803e+01 3.9790e-13
   480 3.9367e-03 5.6185e+01    1.6724e-02 1.3226e+01 3.1264e-13
   432 2.8024e-03 5.7537e+01    1.2121e-02 1.3302e+01 2.7001e-13
   384 1.9693e-03 5.7506e+01    7.9631e-03 1.4221e+01 2.2737e-13
   336 1.3244e-03 5.7283e+01    4.7849e-03 1.5855e+01 1.7053e-13
   288 8.5383e-04 5.5955e+01    2.1423e-03 2.2301e+01 7.1054e-14
   240 5.5562e-04 4.9761e+01    1.0190e-03 2.7131e+01 4.2633e-14
   192 2.6707e-04 5.3004e+01    4.8959e-04 2.8913e+01 2.8422e-14
   144 1.1905e-04 5.0162e+01    1.9025e-04 3.1390e+01 2.8422e-14
    96 4.1892e-05 4.2239e+01    5.8569e-05 3.0212e+01 1.0658e-14
    48 1.2103e-05 1.8275e+01    7.5880e-06 2.9149e+01 5.3291e-15
];

% Maximum difference between reference and your implementation: 2.160050e-12.
