% number of repeats:% 3
% enter first, last, inc:% 48 1488 48 
data = [
%  n          reference      |         current implementation 
%        time       GFLOPS   |    time       GFLOPS     diff 
  1488 1.0824e-01 6.0876e+01    1.4493e+00 4.5466e+00 2.1600e-12
  1440 9.6833e-02 6.1673e+01    1.1645e+00 5.1282e+00 2.1032e-12
  1392 8.6837e-02 6.2122e+01    1.0444e+00 5.1650e+00 1.9327e-12
  1344 7.8188e-02 6.2100e+01    9.5403e-01 5.0894e+00 1.8190e-12
  1296 7.0510e-02 6.1744e+01    8.3409e-01 5.2195e+00 1.8758e-12
  1248 2.0499e-01 1.8965e+01    7.9308e-01 4.9018e+00 1.5916e-12
  1200 6.2211e-02 5.5553e+01    6.6079e-01 5.2301e+00 1.5348e-12
  1152 5.0720e-02 6.0285e+01    6.1281e-01 4.9895e+00 1.4211e-12
  1104 4.4204e-02 6.0880e+01    5.2512e-01 5.1249e+00 1.3074e-12
  1056 3.7913e-02 6.2120e+01    4.5007e-01 5.2329e+00 1.1937e-12
  1008 3.4210e-02 5.9877e+01    3.9110e-01 5.2375e+00 1.0232e-12
   960 2.8713e-02 6.1626e+01    3.3839e-01 5.2291e+00 9.9476e-13
   912 2.5337e-02 5.9878e+01    2.8669e-01 5.2918e+00 1.0800e-12
   864 2.1551e-02 5.9855e+01    2.4777e-01 5.2061e+00 8.5265e-13
   816 1.8718e-02 5.8056e+01    2.0677e-01 5.2554e+00 7.9581e-13
   768 1.5223e-02 5.9514e+01    1.8995e-01 4.7696e+00 7.3896e-13
   720 1.2813e-02 5.8260e+01    1.4023e-01 5.3234e+00 6.8212e-13
   672 1.0247e-02 5.9232e+01    1.1411e-01 5.3189e+00 5.9686e-13
   624 8.6353e-03 5.6273e+01    9.2692e-02 5.2426e+00 5.4001e-13
   576 6.7506e-03 5.6618e+01    7.2334e-02 5.2839e+00 5.4001e-13
   528 5.0279e-03 5.8552e+01    5.4331e-02 5.4185e+00 3.9790e-13
   480 3.8541e-03 5.7389e+01    3.9638e-02 5.5801e+00 3.1264e-13
   432 2.9659e-03 5.4366e+01    2.8322e-02 5.6933e+00 2.7001e-13
   384 1.9991e-03 5.6648e+01    1.7797e-02 6.3634e+00 2.2737e-13
   336 1.3416e-03 5.6551e+01    1.0146e-02 7.4772e+00 1.7053e-13
   288 8.3361e-04 5.7312e+01    6.0488e-03 7.8984e+00 8.5265e-14
   240 5.2602e-04 5.2561e+01    3.6412e-03 7.5932e+00 4.2633e-14
   192 2.6559e-04 5.3300e+01    1.7181e-03 8.2394e+00 3.5527e-14
   144 1.1838e-04 5.0448e+01    7.3332e-04 8.1437e+00 2.8422e-14
    96 4.2008e-05 4.2122e+01    2.3240e-04 7.6139e+00 1.4211e-14
    48 1.4247e-05 1.5525e+01    3.3345e-05 6.6332e+00 7.1054e-15
];

% Maximum difference between reference and your implementation: 2.160050e-12.
