% number of repeats:% 3
% enter first, last, inc:% 48 1488 48 
data = [
%  n          reference      |         current implementation 
%        time       GFLOPS   |    time       GFLOPS     diff 
  1488 1.0632e-01 6.1975e+01    2.2469e+00 2.9327e+00 2.1600e-12
  1440 9.9374e-02 6.0096e+01    1.5022e+00 3.9756e+00 2.1032e-12
  1392 8.5857e-02 6.2830e+01    1.2183e+00 4.4278e+00 1.9327e-12
  1344 7.6980e-02 6.3074e+01    1.1207e+00 4.3326e+00 1.8190e-12
  1296 6.9418e-02 6.2715e+01    8.5091e-01 5.1164e+00 1.8758e-12
  1248 6.2908e-02 6.1797e+01    7.5438e-01 5.1533e+00 1.5916e-12
  1200 5.6804e-02 6.0841e+01    6.3926e-01 5.4062e+00 1.5348e-12
  1152 5.0287e-02 6.0804e+01    5.5706e-01 5.4889e+00 1.4211e-12
  1104 4.3085e-02 6.2461e+01    4.6207e-01 5.8241e+00 1.3074e-12
  1056 3.8709e-02 6.0843e+01    4.0158e-01 5.8647e+00 1.1937e-12
  1008 3.3889e-02 6.0445e+01    3.4928e-01 5.8647e+00 1.0232e-12
   960 2.8835e-02 6.1366e+01    3.0032e-01 5.8920e+00 9.9476e-13
   912 2.5718e-02 5.8990e+01    2.4703e-01 6.1415e+00 1.0800e-12
   864 2.2083e-02 5.8414e+01    2.1303e-01 6.0551e+00 8.5265e-13
   816 1.8126e-02 5.9950e+01    1.7908e-01 6.0681e+00 7.9581e-13
   768 1.5109e-02 5.9961e+01    1.5096e-01 6.0013e+00 7.3896e-13
   720 1.2643e-02 5.9044e+01    1.1426e-01 6.5333e+00 6.8212e-13
   672 1.0409e-02 5.8310e+01    9.9880e-02 6.0766e+00 5.9686e-13
   624 8.4469e-03 5.7529e+01    7.9972e-02 6.0764e+00 5.4001e-13
   576 6.7545e-03 5.6586e+01    6.3137e-02 6.0536e+00 5.4001e-13
   528 5.0950e-03 5.7781e+01    4.9788e-02 5.9130e+00 3.9790e-13
   480 4.0688e-03 5.4361e+01    3.8167e-02 5.7952e+00 3.1264e-13
   432 2.8252e-03 5.7073e+01    2.5947e-02 6.2143e+00 2.7001e-13
   384 1.9694e-03 5.7502e+01    1.6237e-02 6.9747e+00 2.2737e-13
   336 1.2954e-03 5.8564e+01    9.3334e-03 8.1284e+00 1.7053e-13
   288 8.3105e-04 5.7488e+01    5.7136e-03 8.3618e+00 8.5265e-14
   240 5.0714e-04 5.4518e+01    3.3593e-03 8.2304e+00 4.2633e-14
   192 2.7225e-04 5.1995e+01    1.6144e-03 8.7686e+00 3.5527e-14
   144 2.1082e-04 2.8327e+01    1.4862e-03 4.0182e+00 2.8422e-14
    96 7.7915e-05 2.2710e+01    4.5402e-04 3.8973e+00 1.4211e-14
    48 1.2278e-05 1.8015e+01    2.9724e-05 7.4413e+00 7.1054e-15
];

% Maximum difference between reference and your implementation: 2.160050e-12.
