% number of repeats:% 3
% enter first, last, inc:% 48 1488 48 
data = [
%  n          reference      |         current implementation 
%        time       GFLOPS   |    time       GFLOPS     diff 
  1488 1.0788e-01 6.1082e+01    1.3738e+00 4.7962e+00 2.1600e-12
  1440 9.5706e-02 6.2399e+01    1.0478e+00 5.6994e+00 2.1032e-12
  1392 8.8275e-02 6.1110e+01    9.5591e-01 5.6433e+00 1.9327e-12
  1344 7.9473e-02 6.1095e+01    8.8819e-01 5.4667e+00 1.8190e-12
  1296 7.0403e-02 6.1838e+01    7.6977e-01 5.6557e+00 1.8758e-12
  1248 8.1808e-02 4.7520e+01    7.5056e-01 5.1795e+00 1.5916e-12
  1200 5.6908e-02 6.0730e+01    5.6627e-01 6.1031e+00 1.5348e-12
  1152 5.0368e-02 6.0706e+01    5.3987e-01 5.6637e+00 1.4211e-12
  1104 4.3296e-02 6.2157e+01    4.5091e-01 5.9683e+00 1.3074e-12
  1056 3.8200e-02 6.1653e+01    3.8880e-01 6.0575e+00 1.1937e-12
  1008 3.3078e-02 6.1927e+01    3.4817e-01 5.8834e+00 1.0232e-12
   960 2.9004e-02 6.1009e+01    2.9159e-01 6.0683e+00 9.9476e-13
   912 2.5350e-02 5.9846e+01    2.3690e-01 6.4041e+00 1.0800e-12
   864 2.1956e-02 5.8751e+01    2.0083e-01 6.4230e+00 8.5265e-13
   816 1.8056e-02 6.0183e+01    1.6614e-01 6.5409e+00 7.9581e-13
   768 1.5660e-02 5.7852e+01    1.6220e-01 5.5855e+00 7.3896e-13
   720 1.8196e-02 4.1025e+01    1.1973e-01 6.2350e+00 6.8212e-13
   672 1.0337e-02 5.8716e+01    9.3786e-02 6.4714e+00 5.9686e-13
   624 8.4478e-03 5.7523e+01    7.2859e-02 6.6696e+00 5.4001e-13
   576 6.8536e-03 5.5767e+01    6.1782e-02 6.1864e+00 5.4001e-13
   528 5.1335e-03 5.7348e+01    4.3489e-02 6.7695e+00 3.9790e-13
   480 3.9611e-03 5.5839e+01    3.2431e-02 6.8201e+00 3.1264e-13
   432 2.9293e-03 5.5045e+01    2.3105e-02 6.9788e+00 2.7001e-13
   384 2.0486e-03 5.5279e+01    1.6214e-02 6.9845e+00 2.2737e-13
   336 1.3442e-03 5.6439e+01    9.9309e-03 7.6394e+00 1.7053e-13
   288 8.4152e-04 5.6773e+01    6.1187e-03 7.8082e+00 8.5265e-14
   240 5.2935e-04 5.2230e+01    3.5411e-03 7.8078e+00 4.2633e-14
   192 2.7948e-04 5.0651e+01    1.7122e-03 8.2678e+00 3.5527e-14
   144 1.2264e-04 4.8693e+01    7.6450e-04 7.8115e+00 2.8422e-14
    96 4.2862e-05 4.1283e+01    2.2595e-04 7.8311e+00 1.4211e-14
    48 1.4219e-05 1.5556e+01    3.3723e-05 6.5588e+00 7.1054e-15
];

% Maximum difference between reference and your implementation: 2.160050e-12.
