% number of repeats:% 3
% enter first, last, inc:% 48 1488 48 
data = [
%  n          reference      |         current implementation 
%        time       GFLOPS   |    time       GFLOPS     diff 
  1488 1.0544e-01 6.2496e+01    3.1548e+00 2.0886e+00 2.1600e-12
  1440 9.6003e-02 6.2206e+01    2.0648e+00 2.8923e+00 2.1032e-12
  1392 8.6201e-02 6.2580e+01    2.0911e+00 2.5797e+00 1.9327e-12
  1344 7.8379e-02 6.1948e+01    1.6549e+00 2.9339e+00 1.8190e-12
  1296 6.9219e-02 6.2896e+01    1.5279e+00 2.8494e+00 1.8190e-12
  1248 6.3036e-02 6.1672e+01    7.6891e-01 5.0559e+00 1.6485e-12
  1200 5.5202e-02 6.2606e+01    8.7398e-01 3.9543e+00 1.5348e-12
  1152 5.0199e-02 6.0910e+01    5.7828e-01 5.2875e+00 1.3642e-12
  1104 4.4215e-02 6.0865e+01    3.7326e-01 7.2099e+00 1.2506e-12
  1056 3.8740e-02 6.0794e+01    3.0418e-01 7.7426e+00 1.1937e-12
  1008 3.3140e-02 6.1810e+01    2.3441e-01 8.7386e+00 1.0232e-12
   960 2.8888e-02 6.1253e+01    2.2289e-01 7.9388e+00 1.0232e-12
   912 2.5161e-02 6.0295e+01    1.6901e-01 8.9762e+00 1.0800e-12
   864 2.1464e-02 6.0097e+01    1.4151e-01 9.1154e+00 8.5265e-13
   816 1.8018e-02 6.0311e+01    1.2099e-01 8.9814e+00 8.2423e-13
   768 1.5144e-02 5.9824e+01    1.4049e-01 6.4485e+00 7.1054e-13
   720 1.4665e-02 5.0904e+01    1.0534e-01 7.0864e+00 6.8212e-13
   672 1.1388e-02 5.3296e+01    7.2429e-02 8.3796e+00 5.6843e-13
   624 9.1291e-03 5.3230e+01    5.6165e-02 8.6520e+00 5.4001e-13
   576 7.3699e-03 5.1861e+01    6.9684e-02 5.4849e+00 5.4001e-13
   528 1.9981e-02 1.4734e+01    1.9638e-01 1.4991e+00 3.9790e-13
   480 1.9011e-02 1.1635e+01    1.1770e-01 1.8792e+00 3.1264e-13
   432 5.9748e-03 2.6987e+01    5.7732e-02 2.7930e+00 2.7001e-13
   384 2.1995e-03 5.1487e+01    6.6589e-02 1.7007e+00 2.2737e-13
   336 3.2141e-03 2.3604e+01    3.0735e-02 2.4684e+00 1.7053e-13
   288 1.5435e-03 3.0952e+01    1.2990e-02 3.6779e+00 7.1054e-14
   240 8.9788e-04 3.0792e+01    2.3167e-03 1.1934e+01 4.2633e-14
   192 1.5261e-03 9.2760e+00    9.4937e-04 1.4911e+01 2.8422e-14
   144 5.4935e-04 1.0871e+01    3.4580e-04 1.7270e+01 2.8422e-14
    96 4.2372e-05 4.1760e+01    1.0098e-04 1.7523e+01 1.0658e-14
    48 1.2285e-05 1.8004e+01    1.2634e-05 1.7507e+01 5.3291e-15
];

% Maximum difference between reference and your implementation: 2.160050e-12.
