% number of repeats:% 3
% enter first, last, inc:% 48 1488 48 
data = [
%  n          reference      |         current implementation 
%        time       GFLOPS   |    time       GFLOPS     diff 
  1488 1.0412e-01 6.3285e+01    2.0968e+00 3.1426e+00 2.1600e-12
  1440 9.7026e-02 6.1550e+01    1.6044e+00 3.7222e+00 2.1032e-12
  1392 8.6145e-02 6.2620e+01    1.3017e+00 4.1442e+00 1.9327e-12
  1344 7.9171e-02 6.1329e+01    1.1620e+00 4.1784e+00 1.8190e-12
  1296 7.0603e-02 6.1662e+01    1.0914e+00 3.9889e+00 1.8190e-12
  1248 6.3650e-02 6.1077e+01    8.5799e-01 4.5310e+00 1.6485e-12
  1200 5.6223e-02 6.1469e+01    6.5054e-01 5.3125e+00 1.5348e-12
  1152 5.3005e-02 5.7686e+01    7.1339e-01 4.2861e+00 1.3642e-12
  1104 4.4901e-02 5.9935e+01    6.0907e-01 4.4184e+00 1.2506e-12
  1056 3.8937e-02 6.0487e+01    2.7504e-01 8.5630e+00 1.1937e-12
  1008 3.2765e-02 6.2517e+01    2.0486e-01 9.9990e+00 1.0232e-12
   960 2.8987e-02 6.1043e+01    1.6937e-01 1.0447e+01 1.0232e-12
   912 2.5033e-02 6.0605e+01    1.2899e-01 1.1761e+01 1.0800e-12
   864 2.1454e-02 6.0126e+01    1.1222e-01 1.1495e+01 8.5265e-13
   816 1.7949e-02 6.0541e+01    9.1943e-02 1.1819e+01 8.2423e-13
   768 1.5415e-02 5.8770e+01    1.0076e-01 8.9913e+00 7.1054e-13
   720 1.2394e-02 6.0233e+01    5.9680e-02 1.2508e+01 6.8212e-13
   672 1.0182e-02 5.9606e+01    4.9968e-02 1.2146e+01 5.6843e-13
   624 8.3317e-03 5.8324e+01    3.8236e-02 1.2709e+01 5.4001e-13
   576 6.7296e-03 5.6795e+01    3.3219e-02 1.1506e+01 5.4001e-13
   528 5.1633e-03 5.7017e+01    2.4408e-02 1.2061e+01 3.9790e-13
   480 3.7655e-03 5.8740e+01    1.8321e-02 1.2073e+01 3.1264e-13
   432 2.7248e-03 5.9175e+01    1.2537e-02 1.2862e+01 2.7001e-13
   384 2.0030e-03 5.6538e+01    8.8712e-03 1.2766e+01 2.2737e-13
   336 1.3581e-03 5.5863e+01    4.9978e-03 1.5180e+01 1.7053e-13
   288 8.3165e-04 5.7447e+01    2.6527e-03 1.8010e+01 7.1054e-14
   240 4.9715e-04 5.5613e+01    1.3532e-03 2.0432e+01 4.2633e-14
   192 2.6524e-04 5.3371e+01    6.9807e-04 2.0278e+01 2.8422e-14
   144 1.1934e-04 5.0040e+01    3.1195e-04 1.9144e+01 2.8422e-14
    96 4.2011e-05 4.2119e+01    9.7325e-05 1.8181e+01 1.0658e-14
    48 1.2040e-05 1.8371e+01    1.1480e-05 1.9267e+01 5.3291e-15
];

% Maximum difference between reference and your implementation: 2.160050e-12.
