% number of repeats:% 3
% enter first, last, inc:% 48 1488 48 
data = [
%  n          reference      |         current implementation 
%        time       GFLOPS   |    time       GFLOPS     diff 
  1488 1.0784e-01 6.1101e+01    2.7376e+00 2.4069e+00 2.1600e-12
  1440 9.6214e-02 6.2070e+01    2.2004e+00 2.7141e+00 2.1032e-12
  1392 8.8231e-02 6.1140e+01    1.8546e+00 2.9087e+00 1.9327e-12
  1344 8.0320e-02 6.0451e+01    1.6102e+00 3.0154e+00 1.8190e-12
  1296 1.0389e-01 4.1907e+01    1.1354e+00 3.8343e+00 1.8190e-12
  1248 6.2909e-02 6.1796e+01    8.1078e-01 4.7948e+00 1.6485e-12
  1200 5.6605e-02 6.1055e+01    5.0413e-01 6.8554e+00 1.5348e-12
  1152 5.0387e-02 6.0683e+01    4.4567e-01 6.8608e+00 1.3642e-12
  1104 4.4499e-02 6.0476e+01    3.3057e-01 8.1409e+00 1.2506e-12
  1056 3.8137e-02 6.1755e+01    2.5633e-01 9.1882e+00 1.1937e-12
  1008 3.2954e-02 6.2158e+01    2.1074e-01 9.7199e+00 1.0232e-12
   960 2.9305e-02 6.0381e+01    1.8633e-01 9.4966e+00 1.0232e-12
   912 2.5753e-02 5.8909e+01    1.5432e-01 9.8311e+00 1.0800e-12
   864 2.2117e-02 5.8325e+01    1.3033e-01 9.8972e+00 8.5265e-13
   816 1.8069e-02 6.0140e+01    1.0473e-01 1.0376e+01 8.2423e-13
   768 1.5179e-02 5.9687e+01    1.0084e-01 8.9842e+00 7.1054e-13
   720 1.2584e-02 5.9323e+01    7.3292e-02 1.0185e+01 6.8212e-13
   672 1.0316e-02 5.8832e+01    5.8659e-02 1.0347e+01 5.6843e-13
   624 8.4599e-03 5.7441e+01    4.7886e-02 1.0148e+01 5.4001e-13
   576 6.6523e-03 5.7455e+01    3.6645e-02 1.0430e+01 5.4001e-13
   528 5.0103e-03 5.8758e+01    2.8472e-02 1.0340e+01 3.9790e-13
   480 3.9060e-03 5.6626e+01    2.1320e-02 1.0375e+01 3.1264e-13
   432 2.8150e-03 5.7280e+01    1.4780e-02 1.0909e+01 2.7001e-13
   384 2.0354e-03 5.5638e+01    9.3408e-03 1.2124e+01 2.2737e-13
   336 1.3174e-03 5.7587e+01    5.6909e-03 1.3331e+01 1.7053e-13
   288 8.2721e-04 5.7755e+01    2.2451e-03 2.1280e+01 7.1054e-14
   240 5.3842e-04 5.1350e+01    1.2211e-03 2.2642e+01 4.2633e-14
   192 2.6535e-04 5.3348e+01    5.7197e-04 2.4749e+01 2.8422e-14
   144 1.2072e-04 4.9471e+01    2.3262e-04 2.5673e+01 2.8422e-14
    96 4.2326e-05 4.1806e+01    7.1577e-05 2.4721e+01 1.0658e-14
    48 1.2129e-05 1.8236e+01    8.6440e-06 2.5588e+01 5.3291e-15
];

% Maximum difference between reference and your implementation: 2.160050e-12.
