% number of repeats:% 3
% enter first, last, inc:% 48 1488 48 
data = [
%  n          reference      |         current implementation 
%        time       GFLOPS   |    time       GFLOPS     diff 
  1488 1.0692e-01 6.1628e+01    1.5829e+00 4.1628e+00 2.1600e-12
  1440 9.6992e-02 6.1572e+01    1.3462e+00 4.4361e+00 2.1032e-12
  1392 8.8331e-02 6.1071e+01    1.0687e+00 5.0475e+00 1.9327e-12
  1344 7.8212e-02 6.2081e+01    1.0325e+00 4.7028e+00 1.8190e-12
  1296 6.9860e-02 6.2318e+01    8.6588e-01 5.0279e+00 1.8190e-12
  1248 6.3309e-02 6.1405e+01    7.9483e-01 4.8910e+00 1.6485e-12
  1200 5.7375e-02 6.0236e+01    6.3245e-01 5.4645e+00 1.5348e-12
  1152 4.9876e-02 6.1305e+01    5.4179e-01 5.6436e+00 1.3642e-12
  1104 4.3506e-02 6.1857e+01    4.6803e-01 5.7499e+00 1.2506e-12
  1056 3.8771e-02 6.0745e+01    3.3908e-01 6.9459e+00 1.1937e-12
  1008 3.3491e-02 6.1162e+01    2.2833e-01 8.9711e+00 1.0232e-12
   960 2.8900e-02 6.1228e+01    1.6591e-01 1.0665e+01 1.0232e-12
   912 2.5663e-02 5.9115e+01    1.0663e-01 1.4228e+01 1.0800e-12
   864 2.1440e-02 6.0167e+01    9.4459e-02 1.3656e+01 8.5265e-13
   816 1.7900e-02 6.0709e+01    7.3673e-02 1.4750e+01 8.2423e-13
   768 1.5343e-02 5.9047e+01    8.0926e-02 1.1195e+01 7.1054e-13
   720 1.2562e-02 5.9427e+01    5.2740e-02 1.4154e+01 6.8212e-13
   672 1.0286e-02 5.9005e+01    4.0440e-02 1.5008e+01 5.6843e-13
   624 8.8733e-03 5.4765e+01    3.1787e-02 1.5288e+01 5.4001e-13
   576 6.7506e-03 5.6618e+01    2.6602e-02 1.4367e+01 5.4001e-13
   528 5.2218e-03 5.6378e+01    1.9155e-02 1.5369e+01 3.9790e-13
   480 3.9102e-03 5.6565e+01    1.4486e-02 1.5269e+01 3.1264e-13
   432 2.7977e-03 5.7633e+01    1.0278e-02 1.5688e+01 2.7001e-13
   384 1.9871e-03 5.6989e+01    7.6942e-03 1.4718e+01 2.2737e-13
   336 1.2854e-03 5.9024e+01    4.2853e-03 1.7704e+01 1.7053e-13
   288 8.7990e-04 5.4297e+01    2.1505e-03 2.2216e+01 7.1054e-14
   240 4.9200e-04 5.6195e+01    1.1176e-03 2.4738e+01 4.2633e-14
   192 2.7152e-04 5.2136e+01    5.4989e-04 2.5743e+01 2.8422e-14
   144 1.1875e-04 5.0290e+01    2.3012e-04 2.5951e+01 2.8422e-14
    96 4.2014e-05 4.2116e+01    7.0284e-05 2.5176e+01 1.0658e-14
    48 1.2126e-05 1.8240e+01    8.9650e-06 2.4672e+01 5.3291e-15
];

% Maximum difference between reference and your implementation: 2.160050e-12.
