% number of repeats:% 3
% enter first, last, inc:% 48 1488 48 
data = [
%  n          reference      |         current implementation 
%        time       GFLOPS   |    time       GFLOPS     diff 
  1488 1.0607e-01 6.2123e+01    1.6149e+00 4.0804e+00 2.1600e-12
  1440 9.5662e-02 6.2428e+01    1.3588e+00 4.3952e+00 2.1032e-12
  1392 8.7460e-02 6.1679e+01    1.2009e+00 4.4920e+00 1.9327e-12
  1344 7.8851e-02 6.1578e+01    1.1190e+00 4.3392e+00 1.8190e-12
  1296 6.9798e-02 6.2374e+01    9.3939e-01 4.6345e+00 1.8190e-12
  1248 6.2409e-02 6.2291e+01    7.9851e-01 4.8685e+00 1.6485e-12
  1200 5.6670e-02 6.0985e+01    6.8875e-01 5.0178e+00 1.5348e-12
  1152 4.9981e-02 6.1176e+01    4.8098e-01 6.3571e+00 1.3642e-12
  1104 4.3659e-02 6.1640e+01    4.1725e-01 6.4497e+00 1.2506e-12
  1056 3.8328e-02 6.1447e+01    2.9297e-01 8.0388e+00 1.1937e-12
  1008 3.2370e-02 6.3279e+01    1.5099e-01 1.3566e+01 1.0232e-12
   960 2.9383e-02 6.0221e+01    1.2304e-01 1.4381e+01 1.0232e-12
   912 2.5356e-02 5.9833e+01    1.0590e-01 1.4326e+01 1.0800e-12
   864 2.1827e-02 5.9099e+01    8.5050e-02 1.5167e+01 8.5265e-13
   816 1.7949e-02 6.0543e+01    6.5957e-02 1.6476e+01 8.2423e-13
   768 1.5335e-02 5.9077e+01    5.8567e-02 1.5469e+01 7.1054e-13
   720 1.2521e-02 5.9619e+01    4.7780e-02 1.5624e+01 6.8212e-13
   672 1.0291e-02 5.8976e+01    3.8902e-02 1.5602e+01 5.6843e-13
   624 8.4766e-03 5.7327e+01    3.0967e-02 1.5692e+01 5.4001e-13
   576 6.6798e-03 5.7218e+01    2.3595e-02 1.6198e+01 5.4001e-13
   528 5.1957e-03 5.6661e+01    1.8472e-02 1.5938e+01 3.9790e-13
   480 3.9237e-03 5.6371e+01    1.3664e-02 1.6187e+01 3.1264e-13
   432 2.7948e-03 5.7693e+01    9.8433e-03 1.6381e+01 2.7001e-13
   384 1.9607e-03 5.7758e+01    6.4132e-03 1.7658e+01 2.2737e-13
   336 1.3020e-03 5.8271e+01    3.1886e-03 2.3793e+01 1.7053e-13
   288 8.4947e-04 5.6242e+01    1.5677e-03 3.0474e+01 7.1054e-14
   240 4.9447e-04 5.5914e+01    8.0033e-04 3.4546e+01 4.2633e-14
   192 2.6744e-04 5.2930e+01    3.8510e-04 3.6758e+01 2.8422e-14
   144 1.1934e-04 5.0043e+01    1.6511e-04 3.6170e+01 2.8422e-14
    96 4.2255e-05 4.1876e+01    5.0256e-05 3.5209e+01 1.0658e-14
    48 1.2152e-05 1.8201e+01    6.5560e-06 3.3738e+01 5.3291e-15
];

% Maximum difference between reference and your implementation: 2.160050e-12.
