% number of repeats:% 3
% enter first, last, inc:% 48 1488 48 
data = [
%  n          reference      |         current implementation 
%        time       GFLOPS   |    time       GFLOPS     diff 
  1488 1.0775e-01 6.1155e+01    6.4367e+00 1.0237e+00 2.1600e-12
  1440 1.0248e-01 5.8276e+01    3.6175e+00 1.6509e+00 2.1032e-12
  1392 8.8027e-02 6.1282e+01    3.0926e+00 1.7443e+00 1.9327e-12
  1344 7.9094e-02 6.1388e+01    2.6685e+00 1.8196e+00 1.8190e-12
  1296 7.0061e-02 6.2140e+01    2.5297e+00 1.7210e+00 1.8190e-12
  1248 6.2397e-02 6.2303e+01    1.5236e+00 2.5516e+00 1.6485e-12
  1200 5.5713e-02 6.2032e+01    1.1935e+00 2.8958e+00 1.5348e-12
  1152 4.9921e-02 6.1250e+01    1.2604e+00 2.4259e+00 1.3642e-12
  1104 4.5055e-02 5.9730e+01    8.0719e-01 3.3340e+00 1.2506e-12
  1056 3.7812e-02 6.2286e+01    6.6816e-01 3.5248e+00 1.1937e-12
  1008 3.2780e-02 6.2490e+01    5.7956e-01 3.5344e+00 1.0232e-12
   960 2.8987e-02 6.1043e+01    5.1250e-01 3.4527e+00 1.0232e-12
   912 2.5173e-02 6.0268e+01    4.4036e-01 3.4451e+00 1.0800e-12
   864 2.1623e-02 5.9656e+01    3.7635e-01 3.4275e+00 8.5265e-13
   816 1.7875e-02 6.0793e+01    3.1635e-01 3.4351e+00 8.2423e-13
   768 1.5248e-02 5.9414e+01    3.5847e-01 2.5273e+00 7.1054e-13
   720 1.2464e-02 5.9891e+01    2.0276e-01 3.6817e+00 6.8212e-13
   672 1.0110e-02 6.0033e+01    1.7616e-01 3.4454e+00 5.6843e-13
   624 8.4641e-03 5.7412e+01    1.3201e-01 3.6810e+00 5.4001e-13
   576 6.6585e-03 5.7401e+01    1.1126e-01 3.4353e+00 5.4001e-13
   528 5.1576e-03 5.7080e+01    8.3100e-02 3.5427e+00 3.9790e-13
   480 3.8825e-03 5.6970e+01    6.1830e-02 3.5773e+00 3.1264e-13
   432 2.7084e-03 5.9534e+01    4.1164e-02 3.9171e+00 2.7001e-13
   384 1.9341e-03 5.8553e+01    2.2126e-02 5.1182e+00 2.2737e-13
   336 1.2581e-03 6.0303e+01    1.2988e-02 5.8414e+00 1.7053e-13
   288 8.3056e-04 5.7522e+01    7.5195e-03 6.3536e+00 7.1054e-14
   240 5.1949e-04 5.3221e+01    4.1699e-03 6.6304e+00 4.2633e-14
   192 2.9157e-04 4.8550e+01    2.0968e-03 6.7510e+00 2.8422e-14
   144 1.2054e-04 4.9545e+01    8.2416e-04 7.2461e+00 2.8422e-14
    96 4.2063e-05 4.2067e+01    2.5239e-04 7.0108e+00 1.0658e-14
    48 2.1516e-05 1.0280e+01    3.0237e-05 7.3150e+00 5.3291e-15
];

% Maximum difference between reference and your implementation: 2.160050e-12.
